species  elem   N ul logeps e_stat stderr logeps_w e_stat_w stderr_w e_Teff e_logg   e_vt   e_MH  e_sp e_Teff_w e_logg_w e_vt_w e_MH_w e_sp_w  [X/H]  e_XH [X/Fe1] e_XFe1 [X/Fe2] e_XFe2 [X/Fe] e_XFe                                              star
------- ----- --- -- ------ ------ ------ -------- -------- -------- ------ ------ ------ ------ ----- -------- -------- ------ ------ ------ ------ ----- ------- ------ ------- ------ ------ ----- -------------------------------------------------
   11.0  Na I   4  0  4.343  0.078  0.039    4.336    0.068    0.092  0.112 -0.106 -0.018 -0.007 0.156    0.084   -0.057 -0.009 -0.008  0.103 -1.904 0.123   0.089  0.180   0.020  0.292  0.089 0.180 wukong10_163246133_lesspayne_norm_EQW_params_synt
   12.0  Mg I   6  0  5.991  0.095  0.039    6.008    0.089    0.087  0.126 -0.142 -0.022  0.002 0.191    0.104   -0.094 -0.020 -0.005  0.141 -1.592 0.167   0.401  0.191   0.332  0.333  0.401 0.191 wukong10_163246133_lesspayne_norm_EQW_params_synt
   13.0  Al I   1  0  4.163  0.000  0.000    4.163    0.000    0.454  0.209 -0.258 -0.030  0.022 0.334    0.209   -0.258 -0.030  0.022  0.334 -2.287 0.334  -0.294  0.282  -0.363  0.506 -0.294 0.282 wukong10_163246133_lesspayne_norm_EQW_params_synt
   14.0  Si I   5  0  6.086  0.240  0.107    6.099    0.198    0.070  0.078 -0.022 -0.015  0.005 0.082    0.062    0.003 -0.010  0.002  0.063 -1.411 0.208   0.582  0.267   0.512  0.299  0.582 0.267 wukong10_163246133_lesspayne_norm_EQW_params_synt
   19.0   K I   2  0  4.518  0.665  0.470    4.239    0.603    0.161  0.139 -0.149 -0.036 -0.008 0.207    0.135   -0.113 -0.041 -0.017  0.181 -0.791 0.630   1.202  0.628   1.133  0.698  1.202 0.628 wukong10_163246133_lesspayne_norm_EQW_params_synt
   20.0  Ca I  22  0  4.778  0.116  0.025    4.761    0.111    0.036  0.101 -0.069 -0.037 -0.017 0.128    0.095   -0.054 -0.031 -0.017  0.114 -1.579 0.159   0.414  0.195   0.345  0.306  0.414 0.195 wukong10_163246133_lesspayne_norm_EQW_params_synt
   21.1 Sc II   8  0  1.510  0.233  0.082    1.490    0.232    0.114 -0.008  0.179 -0.072  0.006 0.194   -0.003    0.171 -0.064  0.012  0.183 -1.660 0.295   0.334  0.377   0.264  0.254  0.334 0.377 wukong10_163246133_lesspayne_norm_EQW_params_synt
   22.0  Ti I  46  0  3.239  0.187  0.028    3.220    0.170    0.029  0.143 -0.038 -0.029 -0.024 0.152    0.136   -0.034 -0.021 -0.021  0.143 -1.730 0.222   0.263  0.232   0.194  0.334  0.263 0.232 wukong10_163246133_lesspayne_norm_EQW_params_synt
   22.1 Ti II  58  0  3.514  0.204  0.027    3.519    0.205    0.030  0.027  0.166 -0.044  0.040 0.178    0.029    0.159 -0.046  0.041  0.173 -1.431 0.268   0.562  0.347   0.493  0.231  0.562 0.347 wukong10_163246133_lesspayne_norm_EQW_params_synt
   23.0   V I   2  0  1.724  0.073  0.052    1.731    0.073    0.132  0.112  0.030  0.002 -0.064 0.133    0.112    0.030  0.003 -0.065  0.132 -2.199 0.151  -0.206  0.198  -0.275  0.257 -0.206 0.198 wukong10_163246133_lesspayne_norm_EQW_params_synt
   23.1  V II   2  0  2.055  0.101  0.071    2.071    0.099    0.166 -0.022  0.185 -0.012  0.034 0.190   -0.020    0.185 -0.011  0.032  0.189 -1.859 0.214   0.135  0.334   0.065  0.139  0.135 0.334 wukong10_163246133_lesspayne_norm_EQW_params_synt
   24.0  Cr I  15  0  3.543  0.127  0.033    3.532    0.127    0.050  0.144 -0.041 -0.035 -0.025 0.156    0.141   -0.037 -0.031 -0.024  0.151 -2.108 0.198  -0.115  0.203  -0.184  0.320 -0.115 0.203 wukong10_163246133_lesspayne_norm_EQW_params_synt
   24.1 Cr II   5  0  3.709  0.052  0.023    3.709    0.052    0.100 -0.024  0.189 -0.012  0.026 0.192   -0.024    0.189 -0.012  0.026  0.192 -1.931 0.199   0.062  0.326  -0.008  0.110  0.062 0.326 wukong10_163246133_lesspayne_norm_EQW_params_synt
   25.0  Mn I   6  0  2.961  0.043  0.017    2.961    0.043    0.099  0.103 -0.024  0.002 -0.011 0.106    0.097   -0.030 -0.001 -0.014  0.102 -2.469 0.111  -0.476  0.171  -0.546  0.271 -0.476 0.171 wukong10_163246133_lesspayne_norm_EQW_params_synt
   26.0  Fe I 129  0  5.546  0.169  0.015    5.507    0.157    0.017  0.145 -0.057 -0.053 -0.024 0.167    0.127   -0.042 -0.041 -0.020  0.141 -1.993 0.211   0.000  0.000  -0.069  0.329  0.000 0.000 wukong10_163246133_lesspayne_norm_EQW_params_synt
   26.1 Fe II  24  0  5.578  0.092  0.019    5.576    0.093    0.047 -0.010  0.190 -0.033  0.039 0.197   -0.009    0.189 -0.034  0.039  0.196 -1.924 0.217   0.069  0.329   0.000  0.000  0.069 0.329 wukong10_163246133_lesspayne_norm_EQW_params_synt
   27.0  Co I   4  0  3.009  0.284  0.142    3.107    0.269    0.092  0.131 -0.008 -0.026 -0.028 0.137    0.119    0.001 -0.020 -0.022  0.123 -1.883 0.295   0.111  0.315   0.041  0.369  0.111 0.315 wukong10_163246133_lesspayne_norm_EQW_params_synt
   28.0  Ni I  23  0  4.197  0.135  0.028    4.184    0.132    0.034  0.113 -0.008 -0.018 -0.010 0.115    0.105   -0.003 -0.015 -0.009  0.107 -2.036 0.170  -0.043  0.212  -0.112  0.281 -0.043 0.212 wukong10_163246133_lesspayne_norm_EQW_params_synt
   30.0  Zn I   2  0  2.651  0.062  0.043    2.650    0.061    0.116  0.021  0.119 -0.014  0.024 0.124    0.021    0.119 -0.014  0.024  0.124 -1.910 0.139   0.083  0.261   0.014  0.137  0.083 0.261 wukong10_163246133_lesspayne_norm_EQW_params_synt
   38.1 Sr II   2  0  0.876  0.071  0.050    0.900    0.067    0.130  0.086  0.054 -0.042  0.060 0.125    0.085    0.040 -0.037  0.055  0.115 -1.970 0.133   0.023  0.208  -0.046  0.210  0.023 0.208 wukong10_163246133_lesspayne_norm_EQW_params_synt
   39.1  Y II   3  0  0.074  0.021  0.012    0.074    0.021    0.140  0.023  0.194 -0.021  0.047 0.202    0.023    0.194 -0.021  0.047  0.202 -2.136 0.203  -0.143  0.310  -0.212  0.102 -0.143 0.310 wukong10_163246133_lesspayne_norm_EQW_params_synt
   40.1 Zr II   1  0  0.748  0.000  0.000    0.748    0.000    0.274 -0.011  0.241 -0.018  0.011 0.243   -0.011    0.241 -0.018  0.011  0.243 -1.832 0.243   0.161  0.354   0.091  0.112  0.161 0.354 wukong10_163246133_lesspayne_norm_EQW_params_synt
   56.1 Ba II   4  0  0.282  0.106  0.053    0.282    0.104    0.141  0.052  0.143 -0.069  0.046 0.173    0.054    0.139 -0.070  0.045  0.171 -1.898 0.200   0.096  0.281   0.026  0.165  0.096 0.281 wukong10_163246133_lesspayne_norm_EQW_params_synt
   57.1 La II   6  0 -0.743  0.061  0.025   -0.737    0.058    0.093  0.028  0.179 -0.003  0.050 0.188    0.031    0.177 -0.003  0.050  0.187 -1.837 0.196   0.156  0.303   0.087  0.122  0.156 0.303 wukong10_163246133_lesspayne_norm_EQW_params_synt
   63.1 Eu II   3  0 -1.145  0.082  0.048   -1.134    0.085    0.135  0.045  0.191  0.001  0.049 0.202    0.047    0.188 -0.001  0.048  0.200 -1.654 0.217   0.339  0.312   0.269  0.142  0.339 0.312 wukong10_163246133_lesspayne_norm_EQW_params_synt
   66.1 Dy II   1  0 -0.461  0.000  0.000   -0.461    0.000    0.279  0.000  0.218  0.021  0.021 0.220    0.000    0.218  0.021  0.021  0.220 -1.561 0.220   0.432  0.337   0.362  0.114  0.432 0.337 wukong10_163246133_lesspayne_norm_EQW_params_synt
  106.0   C-H   2  0  6.231  0.002  0.001    6.231    0.002    0.178  0.167 -0.088  0.004  0.133 0.230    0.166   -0.087  0.005  0.133  0.230 -2.199 0.230  -0.206  0.232  -0.275  0.355 -0.206 0.232 wukong10_163246133_lesspayne_norm_EQW_params_synt
  607.0   C-N   1  0  6.230  0.000  0.000    6.230    0.000    0.401  0.227 -0.052 -0.000  0.126 0.265    0.227   -0.052 -0.000  0.126  0.265 -1.600 0.265   0.393  0.240   0.324  0.362  0.393 0.240 wukong10_163246133_lesspayne_norm_EQW_params_synt
    8.0   O I   1  1  7.683    nan    nan    7.683      nan      nan    nan    nan    nan    nan   nan      nan      nan    nan    nan    nan -1.007   nan   0.986    nan   0.916    nan  0.986   nan wukong10_163246133_lesspayne_norm_EQW_params_synt
   11.0  Na I   4  0  4.516  0.148  0.074    4.440    0.132    0.088  0.112 -0.106 -0.021 -0.017 0.157    0.082   -0.056 -0.010 -0.010  0.101 -1.800 0.166   0.570  0.199   0.535  0.312  0.570 0.199 wukong11_164130340_lesspayne_norm_EQW_params_synt
   12.0  Mg I   6  0  5.733  0.095  0.039    5.706    0.094    0.076  0.120 -0.116 -0.025 -0.013 0.169    0.095   -0.076 -0.023 -0.013  0.124 -1.894 0.156   0.476  0.176   0.440  0.318  0.476 0.176 wukong11_164130340_lesspayne_norm_EQW_params_synt
   13.0  Al I   1  0  3.802  0.000  0.000    3.802    0.000    0.421  0.156 -0.209 -0.069 -0.023 0.271    0.156   -0.209 -0.069 -0.023  0.271 -2.648 0.271  -0.278  0.226  -0.314  0.445 -0.278 0.226 wukong11_164130340_lesspayne_norm_EQW_params_synt
   14.0  Si I   4  0  5.875  0.121  0.060    5.874    0.114    0.081  0.081 -0.027 -0.015 -0.012 0.087    0.073   -0.020 -0.010 -0.009  0.077 -1.636 0.138   0.734  0.191   0.699  0.274  0.734 0.191 wukong11_164130340_lesspayne_norm_EQW_params_synt
   19.0   K I   1  0  3.475  0.000  0.000    3.475    0.000    0.160  0.114 -0.027 -0.030 -0.020 0.123    0.114   -0.027 -0.030 -0.020  0.123 -1.555 0.123   0.815  0.142   0.779  0.271  0.815 0.142 wukong11_164130340_lesspayne_norm_EQW_params_synt
   20.0  Ca I  23  0  4.404  0.146  0.030    4.390    0.139    0.032  0.088 -0.040 -0.026 -0.015 0.101    0.085   -0.036 -0.021 -0.013  0.096 -1.950 0.169   0.420  0.202   0.385  0.301  0.420 0.202 wukong11_164130340_lesspayne_norm_EQW_params_synt
   21.1 Sc II   8  0  0.978  0.210  0.074    0.931    0.185    0.110 -0.003  0.214 -0.058  0.003 0.222    0.010    0.190 -0.047  0.011  0.196 -2.219 0.270   0.150  0.348   0.115  0.219  0.150 0.348 wukong11_164130340_lesspayne_norm_EQW_params_synt
   22.0  Ti I  40  0  2.780  0.161  0.025    2.772    0.162    0.031  0.142 -0.046 -0.018 -0.016 0.151    0.139   -0.045 -0.014 -0.015  0.147 -2.178 0.219   0.192  0.216   0.156  0.337  0.192 0.216 wukong11_164130340_lesspayne_norm_EQW_params_synt
   22.1 Ti II  54  0  2.998  0.135  0.018    2.997    0.135    0.030  0.037  0.169 -0.035  0.028 0.178    0.037    0.169 -0.034  0.028  0.179 -1.953 0.224   0.416  0.302   0.381  0.181  0.416 0.302 wukong11_164130340_lesspayne_norm_EQW_params_synt
   23.0   V I   2  0  1.475  0.036  0.026    1.469    0.036    0.117  0.115  0.018 -0.002 -0.032 0.121    0.112    0.015 -0.002 -0.033  0.118 -2.461 0.123  -0.091  0.159  -0.126  0.245 -0.091 0.159 wukong11_164130340_lesspayne_norm_EQW_params_synt
   23.1  V II   2  0  1.840  0.072  0.051    1.832    0.072    0.175 -0.012  0.193 -0.014  0.021 0.195   -0.011    0.193 -0.013  0.020  0.195 -2.098 0.207   0.272  0.315   0.236  0.136  0.272 0.315 wukong11_164130340_lesspayne_norm_EQW_params_synt
   24.0  Cr I  15  0  3.064  0.130  0.033    3.062    0.130    0.048  0.138 -0.045 -0.017 -0.016 0.147    0.137   -0.045 -0.015 -0.015  0.146 -2.578 0.196  -0.208  0.193  -0.244  0.322 -0.208 0.193 wukong11_164130340_lesspayne_norm_EQW_params_synt
   24.1 Cr II   3  0  3.269  0.034  0.020    3.269    0.034    0.126 -0.015  0.187 -0.009  0.021 0.189   -0.015    0.187 -0.009  0.021  0.189 -2.371 0.192  -0.001  0.307  -0.037  0.121 -0.001 0.307 wukong11_164130340_lesspayne_norm_EQW_params_synt
   25.0  Mn I   6  0  2.653  0.030  0.012    2.655    0.030    0.101  0.098 -0.054 -0.005 -0.013 0.113    0.096   -0.056 -0.005 -0.013  0.112 -2.775 0.116  -0.405  0.150  -0.441  0.289 -0.405 0.150 wukong11_164130340_lesspayne_norm_EQW_params_synt
   26.0  Fe I 132  0  5.168  0.156  0.014    5.130    0.141    0.016  0.139 -0.047 -0.042 -0.027 0.155    0.124   -0.040 -0.030 -0.019  0.135 -2.370 0.195   0.000  0.000  -0.035  0.318  0.000 0.000 wukong11_164130340_lesspayne_norm_EQW_params_synt
   26.1 Fe II  24  0  5.167  0.113  0.023    5.166    0.113    0.046  0.001  0.187 -0.024  0.028 0.191    0.002    0.187 -0.024  0.028  0.190 -2.334 0.222   0.035  0.318   0.000  0.000  0.035 0.318 wukong11_164130340_lesspayne_norm_EQW_params_synt
   27.0  Co I   4  0  2.681  0.126  0.063    2.708    0.125    0.104  0.146 -0.039 -0.024 -0.022 0.155    0.142   -0.034 -0.019 -0.019  0.148 -2.282 0.194   0.088  0.190   0.053  0.315  0.088 0.190 wukong11_164130340_lesspayne_norm_EQW_params_synt
   28.0  Ni I  21  0  3.876  0.152  0.033    3.875    0.133    0.037  0.119 -0.026 -0.015 -0.012 0.123    0.112   -0.022 -0.010 -0.009  0.115 -2.345 0.176   0.025  0.196  -0.011  0.297  0.025 0.196 wukong11_164130340_lesspayne_norm_EQW_params_synt
   30.0  Zn I   2  0  2.203  0.005  0.004    2.203    0.005    0.107  0.046  0.092 -0.005  0.015 0.104    0.046    0.092 -0.005  0.015  0.104 -2.357 0.104   0.013  0.212  -0.022  0.156  0.013 0.212 wukong11_164130340_lesspayne_norm_EQW_params_synt
   38.1 Sr II   2  0  0.622  0.102  0.072    0.643    0.100    0.161  0.110  0.128 -0.034  0.034 0.175    0.107    0.124 -0.027  0.032  0.169 -2.227 0.197   0.143  0.244   0.107  0.195  0.143 0.244 wukong11_164130340_lesspayne_norm_EQW_params_synt
   39.1  Y II   3  0 -0.387  0.057  0.033   -0.383    0.056    0.130  0.037  0.179 -0.011  0.032 0.186    0.038    0.179 -0.011  0.032  0.186 -2.593 0.194  -0.223  0.285  -0.258  0.133 -0.223 0.285 wukong11_164130340_lesspayne_norm_EQW_params_synt
   40.1 Zr II   1  0  0.273  0.000  0.000    0.273    0.000    0.245  0.017  0.213 -0.010  0.023 0.215    0.017    0.213 -0.010  0.023  0.215 -2.307 0.215   0.063  0.312   0.027  0.119  0.063 0.312 wukong11_164130340_lesspayne_norm_EQW_params_synt
   56.1 Ba II   4  0 -0.339  0.073  0.036   -0.346    0.072    0.143  0.051  0.156 -0.057  0.016 0.174    0.050    0.150 -0.059  0.012  0.169 -2.526 0.184  -0.156  0.261  -0.191  0.152 -0.156 0.261 wukong11_164130340_lesspayne_norm_EQW_params_synt
   57.1 La II   5  0 -1.368  0.142  0.064   -1.358    0.134    0.103  0.039  0.169  0.001  0.037 0.178    0.041    0.167  0.001  0.037  0.176 -2.458 0.221  -0.088  0.303  -0.123  0.183 -0.088 0.303 wukong11_164130340_lesspayne_norm_EQW_params_synt
   63.1 Eu II   3  0 -1.640  0.042  0.024   -1.637    0.041    0.132  0.076  0.171 -0.006  0.034 0.190    0.078    0.168 -0.007  0.033  0.188 -2.157 0.193   0.212  0.265   0.177  0.145  0.212 0.265 wukong11_164130340_lesspayne_norm_EQW_params_synt
   66.1 Dy II   1  0 -0.911  0.000  0.000   -0.911    0.000    0.250  0.015  0.206  0.001  0.033 0.209    0.015    0.206  0.001  0.033  0.209 -2.011 0.209   0.359  0.310   0.324  0.119  0.359 0.310 wukong11_164130340_lesspayne_norm_EQW_params_synt
  106.0   C-H   2  0  5.693  0.036  0.026    5.697    0.036    0.202  0.209 -0.145  0.003  0.086 0.268    0.207   -0.144  0.003  0.086  0.267 -2.733 0.269  -0.364  0.226  -0.399  0.412 -0.364 0.226 wukong11_164130340_lesspayne_norm_EQW_params_synt
  607.0   C-N   1  0  6.104  0.000  0.000    6.104    0.000    0.432  0.278 -0.100  0.005  0.091 0.309    0.278   -0.100  0.005  0.091  0.309 -1.726 0.309   0.644  0.246   0.608  0.420  0.644 0.246 wukong11_164130340_lesspayne_norm_EQW_params_synt
    8.0   O I   1  1  7.224    nan    nan    7.224      nan      nan    nan    nan    nan    nan   nan      nan      nan    nan    nan    nan -1.466   nan   0.903    nan   0.868    nan  0.903   nan wukong11_164130340_lesspayne_norm_EQW_params_synt
   11.0  Na I   2  0  4.293  0.048  0.034    4.295    0.048    0.192  0.160 -0.183 -0.044 -0.025 0.248    0.160   -0.182 -0.044 -0.025  0.248 -1.945 0.252   0.172  0.225   0.088  0.431  0.172 0.225 wukong12_165305481_lesspayne_norm_EQW_params_synt
   12.0  Mg I   6  0  5.763  0.135  0.055    5.760    0.128    0.081  0.121 -0.125 -0.023 -0.007 0.176    0.097   -0.080 -0.021 -0.015  0.129 -1.840 0.181   0.277  0.214   0.193  0.343  0.277 0.214 wukong12_165305481_lesspayne_norm_EQW_params_synt
   13.0  Al I   1  0  3.943  0.000  0.000    3.943    0.000    0.444  0.176 -0.215 -0.044  0.011 0.281    0.176   -0.215 -0.044  0.011  0.281 -2.507 0.281  -0.390  0.248  -0.474  0.459 -0.390 0.248 wukong12_165305481_lesspayne_norm_EQW_params_synt
   14.0  Si I   3  0  5.870  0.216  0.125    5.829    0.194    0.102  0.085 -0.042 -0.021 -0.009 0.097    0.076   -0.033 -0.016 -0.006  0.085 -1.681 0.212   0.436  0.261   0.352  0.334  0.436 0.261 wukong12_165305481_lesspayne_norm_EQW_params_synt
   20.0  Ca I  23  0  4.527  0.119  0.025    4.519    0.109    0.034  0.092 -0.051 -0.030 -0.026 0.113    0.089   -0.042 -0.025 -0.024  0.104 -1.821 0.151   0.296  0.201   0.212  0.307  0.296 0.201 wukong12_165305481_lesspayne_norm_EQW_params_synt
   21.1 Sc II   8  0  1.163  0.137  0.049    1.156    0.128    0.112  0.002  0.202 -0.051  0.018 0.209    0.008    0.193 -0.044  0.027  0.200 -1.994 0.238   0.123  0.338   0.039  0.185  0.123 0.338 wukong12_165305481_lesspayne_norm_EQW_params_synt
   22.0  Ti I  36  0  2.987  0.156  0.026    2.987    0.155    0.033  0.143 -0.036 -0.021 -0.021 0.150    0.139   -0.035 -0.017 -0.018  0.145 -1.963 0.212   0.154  0.227   0.070  0.338  0.154 0.227 wukong12_165305481_lesspayne_norm_EQW_params_synt
   22.1 Ti II  46  0  3.169  0.138  0.020    3.169    0.137    0.033  0.026  0.170 -0.038  0.051 0.184    0.026    0.170 -0.038  0.051  0.183 -1.781 0.229   0.336  0.325   0.253  0.193  0.336 0.325 wukong12_165305481_lesspayne_norm_EQW_params_synt
   23.0   V I   2  0  1.669  0.014  0.010    1.668    0.014    0.127  0.097  0.046 -0.003 -0.061 0.124    0.097    0.046 -0.003 -0.061  0.124 -2.262 0.124  -0.145  0.194  -0.228  0.243 -0.145 0.194 wukong12_165305481_lesspayne_norm_EQW_params_synt
   23.1  V II   2  0  2.110  0.068  0.048    2.095    0.067    0.187 -0.011  0.205  0.008  0.038 0.209   -0.013    0.201  0.005  0.036  0.204 -1.835 0.215   0.282  0.338   0.198  0.153  0.282 0.338 wukong12_165305481_lesspayne_norm_EQW_params_synt
   24.0  Cr I  15  0  3.402  0.079  0.020    3.397    0.078    0.050  0.141 -0.040 -0.026 -0.026 0.151    0.140   -0.037 -0.022 -0.024  0.148 -2.243 0.167  -0.126  0.183  -0.210  0.314 -0.126 0.183 wukong12_165305481_lesspayne_norm_EQW_params_synt
   24.1 Cr II   5  0  3.547  0.190  0.085    3.545    0.188    0.099 -0.024  0.184 -0.009  0.034 0.189   -0.024    0.184 -0.009  0.034  0.189 -2.095 0.267   0.022  0.373  -0.062  0.231  0.022 0.373 wukong12_165305481_lesspayne_norm_EQW_params_synt
   25.0  Mn I   6  0  2.883  0.093  0.038    2.880    0.094    0.099  0.095 -0.037 -0.002 -0.017 0.104    0.094   -0.040 -0.003 -0.018  0.104 -2.550 0.140  -0.433  0.194  -0.516  0.302 -0.433 0.194 wukong12_165305481_lesspayne_norm_EQW_params_synt
   26.0  Fe I 132  0  5.418  0.179  0.016    5.383    0.164    0.017  0.144 -0.052 -0.049 -0.032 0.164    0.126   -0.040 -0.036 -0.025  0.139 -2.117 0.215   0.000  0.000  -0.084  0.342  0.000 0.000 wukong12_165305481_lesspayne_norm_EQW_params_synt
   26.1 Fe II  24  0  5.469  0.129  0.026    5.467    0.130    0.047 -0.010  0.183 -0.034  0.043 0.192   -0.010    0.183 -0.034  0.043  0.191 -2.033 0.231   0.084  0.342   0.000  0.000  0.084 0.342 wukong12_165305481_lesspayne_norm_EQW_params_synt
   27.0  Co I   4  0  2.911  0.164  0.082    2.948    0.164    0.108  0.151 -0.023 -0.028 -0.030 0.158    0.144   -0.019 -0.023 -0.025  0.149 -2.042 0.222   0.075  0.234  -0.009  0.336  0.075 0.234 wukong12_165305481_lesspayne_norm_EQW_params_synt
   28.0  Ni I  21  0  4.090  0.163  0.036    4.071    0.163    0.037  0.114 -0.010 -0.014 -0.011 0.116    0.110   -0.009 -0.013 -0.009  0.111 -2.149 0.197  -0.032  0.236  -0.116  0.313 -0.032 0.236 wukong12_165305481_lesspayne_norm_EQW_params_synt
   30.0  Zn I   2  0  2.512  0.086  0.061    2.510    0.086    0.117  0.033  0.110 -0.010  0.030 0.119    0.032    0.110 -0.010  0.030  0.119 -2.050 0.147   0.067  0.263  -0.017  0.180  0.067 0.263 wukong12_165305481_lesspayne_norm_EQW_params_synt
   38.1 Sr II   1  0  0.811  0.000  0.000    0.811    0.000    0.178  0.082  0.028 -0.044  0.049 0.109    0.082    0.028 -0.044  0.049  0.109 -2.059 0.109   0.058  0.197  -0.026  0.223  0.058 0.197 wukong12_165305481_lesspayne_norm_EQW_params_synt
   39.1  Y II   3  0 -0.134  0.126  0.073   -0.133    0.128    0.145  0.021  0.191 -0.014  0.062 0.202    0.021    0.191 -0.014  0.062  0.202 -2.343 0.239  -0.226  0.340  -0.309  0.187 -0.226 0.340 wukong12_165305481_lesspayne_norm_EQW_params_synt
   40.1 Zr II   1  0  0.739  0.000  0.000    0.739    0.000    0.260 -0.024  0.224 -0.017 -0.016 0.226   -0.024    0.224 -0.017 -0.016  0.226 -1.841 0.226   0.276  0.346   0.192  0.151  0.276 0.346 wukong12_165305481_lesspayne_norm_EQW_params_synt
   56.1 Ba II   4  0  0.113  0.073  0.036    0.110    0.073    0.143  0.052  0.145 -0.072  0.047 0.177    0.054    0.141 -0.074  0.046  0.174 -2.070 0.189   0.047  0.277  -0.037  0.172  0.047 0.277 wukong12_165305481_lesspayne_norm_EQW_params_synt
   57.1 La II   6  0 -0.819  0.119  0.049   -0.818    0.121    0.096  0.028  0.176 -0.002  0.070 0.192    0.030    0.175 -0.001  0.071  0.191 -1.918 0.226   0.199  0.328   0.115  0.187  0.199 0.328 wukong12_165305481_lesspayne_norm_EQW_params_synt
   63.1 Eu II   3  0 -1.050  0.025  0.015   -1.051    0.026    0.132  0.041  0.174 -0.007  0.069 0.192    0.043    0.173 -0.007  0.069  0.191 -1.571 0.193   0.546  0.299   0.463  0.148  0.546 0.299 wukong12_165305481_lesspayne_norm_EQW_params_synt
   66.1 Dy II   1  0 -0.316  0.000  0.000   -0.316    0.000    0.263 -0.000  0.207 -0.004  0.029 0.209   -0.000    0.207 -0.004  0.029  0.209 -1.416 0.209   0.701  0.328   0.617  0.137  0.701 0.328 wukong12_165305481_lesspayne_norm_EQW_params_synt
  106.0   C-H   2  0  6.129  0.003  0.002    6.128    0.003    0.196  0.170 -0.118 -0.001  0.154 0.258    0.169   -0.118 -0.001  0.154  0.257 -2.302 0.257  -0.185  0.261  -0.268  0.391 -0.185 0.261 wukong12_165305481_lesspayne_norm_EQW_params_synt
  607.0   C-N   1  0  6.114  0.000  0.000    6.114    0.000    0.417  0.232 -0.064  0.004  0.158 0.288    0.232   -0.064  0.004  0.158  0.288 -1.716 0.288   0.401  0.272   0.317  0.388  0.401 0.272 wukong12_165305481_lesspayne_norm_EQW_params_synt
    8.0   O I   1  1  7.752    nan    nan    7.752      nan      nan    nan    nan    nan    nan   nan      nan      nan    nan    nan    nan -0.938   nan   1.179    nan   1.095    nan  1.179   nan wukong12_165305481_lesspayne_norm_EQW_params_synt
   11.0  Na I   3  0  4.517  0.231  0.134    4.361    0.231    0.117  0.120 -0.151 -0.018  0.001 0.193    0.092   -0.084 -0.010 -0.001  0.125 -1.879 0.262   0.017  0.279  -0.028  0.389  0.017 0.279 wukong13_166070607_lesspayne_norm_EQW_params_synt
   12.0  Mg I   6  0  6.011  0.156  0.064    6.025    0.150    0.083  0.120 -0.136 -0.024  0.002 0.183    0.101   -0.089 -0.022 -0.003  0.136 -1.575 0.202   0.322  0.216   0.277  0.353  0.322 0.216 wukong13_166070607_lesspayne_norm_EQW_params_synt
   13.0  Al I   1  0  4.122  0.000  0.000    4.122    0.000    0.429  0.174 -0.233 -0.032  0.025 0.293    0.174   -0.233 -0.032  0.025  0.293 -2.328 0.293  -0.432  0.249  -0.477  0.474 -0.432 0.249 wukong13_166070607_lesspayne_norm_EQW_params_synt
   14.0  Si I   3  0  6.044  0.149  0.086    6.025    0.125    0.095  0.072 -0.046 -0.021 -0.012 0.089    0.063   -0.025 -0.015 -0.007  0.069 -1.485 0.143   0.411  0.202   0.366  0.282  0.411 0.202 wukong13_166070607_lesspayne_norm_EQW_params_synt
   19.0   K I   2  0  4.008  0.054  0.038    4.002    0.053    0.140  0.133 -0.079 -0.051 -0.027 0.165    0.133   -0.077 -0.050 -0.027  0.164 -1.028 0.172   0.869  0.158   0.824  0.332  0.869 0.158 wukong13_166070607_lesspayne_norm_EQW_params_synt
   20.0  Ca I  22  0  4.756  0.096  0.020    4.743    0.087    0.035  0.100 -0.058 -0.033 -0.010 0.121    0.095   -0.045 -0.027 -0.010  0.109 -1.597 0.140   0.299  0.170   0.254  0.295  0.299 0.170 wukong13_166070607_lesspayne_norm_EQW_params_synt
   21.1 Sc II   8  0  1.531  0.193  0.068    1.482    0.174    0.113 -0.028  0.209 -0.058 -0.004 0.218   -0.015    0.189 -0.050  0.006  0.196 -1.668 0.263   0.228  0.350   0.183  0.202  0.228 0.350 wukong13_166070607_lesspayne_norm_EQW_params_synt
   22.0  Ti I  45  0  3.305  0.204  0.030    3.293    0.169    0.029  0.144 -0.031 -0.026 -0.014 0.150    0.137   -0.027 -0.020 -0.011  0.142 -1.657 0.221   0.239  0.222   0.194  0.334  0.239 0.222 wukong13_166070607_lesspayne_norm_EQW_params_synt
   22.1 Ti II  50  0  3.524  0.134  0.019    3.526    0.135    0.032  0.013  0.173 -0.038  0.036 0.182    0.014    0.170 -0.040  0.036  0.179 -1.424 0.224   0.473  0.310   0.428  0.171  0.473 0.310 wukong13_166070607_lesspayne_norm_EQW_params_synt
   23.0   V I   2  0  1.994  0.011  0.008    1.994    0.011    0.129  0.107  0.044 -0.006 -0.055 0.128    0.106    0.043 -0.006 -0.055  0.128 -1.936 0.128  -0.040  0.173  -0.085  0.235 -0.040 0.173 wukong13_166070607_lesspayne_norm_EQW_params_synt
   23.1  V II   2  0  2.286  0.062  0.044    2.279    0.061    0.166 -0.019  0.181 -0.014  0.019 0.183   -0.018    0.181 -0.013  0.021  0.184 -1.651 0.194   0.246  0.307   0.201  0.117  0.246 0.307 wukong13_166070607_lesspayne_norm_EQW_params_synt
   24.0  Cr I  16  0  3.672  0.129  0.032    3.659    0.123    0.048  0.145 -0.035 -0.032 -0.015 0.153    0.143   -0.031 -0.029 -0.014  0.150 -1.981 0.194  -0.085  0.189  -0.130  0.319 -0.085 0.189 wukong13_166070607_lesspayne_norm_EQW_params_synt
   24.1 Cr II   5  0  3.819  0.129  0.058    3.818    0.129    0.101 -0.033  0.190 -0.013  0.022 0.195   -0.033    0.190 -0.013  0.022  0.195 -1.822 0.233   0.075  0.341   0.030  0.163  0.075 0.341 wukong13_166070607_lesspayne_norm_EQW_params_synt
   25.0  Mn I   6  0  3.160  0.053  0.022    3.159    0.054    0.100  0.107 -0.015  0.000 -0.004 0.108    0.104   -0.021 -0.003 -0.008  0.106 -2.271 0.119  -0.375  0.159  -0.420  0.272 -0.375 0.159 wukong13_166070607_lesspayne_norm_EQW_params_synt
   26.0  Fe I 126  0  5.623  0.149  0.013    5.604    0.142    0.017  0.142 -0.049 -0.050 -0.018 0.160    0.128   -0.037 -0.039 -0.013  0.140 -1.896 0.199   0.000  0.000  -0.045  0.323  0.000 0.000 wukong13_166070607_lesspayne_norm_EQW_params_synt
   26.1 Fe II  25  0  5.650  0.097  0.019    5.649    0.097    0.046 -0.021  0.190 -0.032  0.034 0.196   -0.020    0.189 -0.033  0.034  0.196 -1.851 0.218   0.045  0.323   0.000  0.000  0.045 0.323 wukong13_166070607_lesspayne_norm_EQW_params_synt
   27.0  Co I   4  0  3.161  0.245  0.122    3.235    0.236    0.099  0.140  0.001 -0.025 -0.023 0.144    0.129    0.010 -0.020 -0.018  0.132 -1.755 0.271   0.141  0.280   0.096  0.349  0.141 0.280 wukong13_166070607_lesspayne_norm_EQW_params_synt
   28.0  Ni I  24  0  4.305  0.177  0.036    4.290    0.170    0.033  0.112 -0.005 -0.018 -0.004 0.114    0.105    0.000 -0.014 -0.003  0.106 -1.930 0.200  -0.034  0.227  -0.079  0.302 -0.034 0.227 wukong13_166070607_lesspayne_norm_EQW_params_synt
   30.0  Zn I   2  0  2.732  0.022  0.016    2.732    0.022    0.115  0.020  0.116 -0.013  0.022 0.121    0.020    0.117 -0.013  0.023  0.121 -1.828 0.123   0.069  0.240   0.024  0.131  0.069 0.240 wukong13_166070607_lesspayne_norm_EQW_params_synt
   38.0  Sr I   1  0  0.571  0.000  0.000    0.571    0.000    0.190  0.127 -0.022 -0.004 -0.007 0.129    0.127   -0.022 -0.004 -0.007  0.129 -2.299 0.129  -0.403  0.147  -0.448  0.279 -0.403 0.147 wukong13_166070607_lesspayne_norm_EQW_params_synt
   38.1 Sr II   2  0  1.044  0.087  0.061    1.060    0.086    0.111  0.068  0.032 -0.027  0.054 0.096    0.067    0.027 -0.027  0.051  0.092 -1.810 0.126   0.086  0.199   0.041  0.225  0.086 0.199 wukong13_166070607_lesspayne_norm_EQW_params_synt
   39.1  Y II   3  0  0.187  0.033  0.019    0.186    0.032    0.141  0.012  0.199 -0.020  0.041 0.205    0.012    0.199 -0.019  0.041  0.205 -2.024 0.207  -0.127  0.306  -0.172  0.109 -0.127 0.306 wukong13_166070607_lesspayne_norm_EQW_params_synt
   40.1 Zr II   1  0  0.906  0.000  0.000    0.906    0.000    0.286 -0.008  0.255 -0.010  0.008 0.256   -0.008    0.255 -0.010  0.008  0.256 -1.674 0.256   0.223  0.354   0.178  0.123  0.223 0.354 wukong13_166070607_lesspayne_norm_EQW_params_synt
   56.1 Ba II   4  0  0.361  0.092  0.046    0.355    0.095    0.141  0.027  0.133 -0.070  0.025 0.155    0.027    0.128 -0.072  0.023  0.151 -1.825 0.178   0.072  0.262   0.027  0.161  0.072 0.262 wukong13_166070607_lesspayne_norm_EQW_params_synt
   57.1 La II   6  0 -0.680  0.081  0.033   -0.676    0.081    0.093  0.016  0.172 -0.003  0.045 0.179    0.018    0.170 -0.003  0.046  0.177 -1.776 0.195   0.120  0.294   0.075  0.137  0.120 0.294 wukong13_166070607_lesspayne_norm_EQW_params_synt
   63.1 Eu II   3  0 -0.973  0.021  0.012   -0.973    0.020    0.133  0.031  0.185 -0.007  0.042 0.192    0.033    0.182 -0.008  0.041  0.190 -1.493 0.191   0.404  0.285   0.359  0.115  0.404 0.285 wukong13_166070607_lesspayne_norm_EQW_params_synt
   66.1 Dy II   1  0 -0.317  0.000  0.000   -0.317    0.000    0.325 -0.039  0.228 -0.005  0.004 0.231   -0.039    0.228 -0.005  0.004  0.231 -1.417 0.231   0.479  0.346   0.434  0.114  0.479 0.346 wukong13_166070607_lesspayne_norm_EQW_params_synt
  106.0   C-H   2  0  6.452  0.002  0.001    6.452    0.002    0.159  0.133 -0.101 -0.002  0.112 0.202    0.132   -0.101 -0.002  0.112  0.200 -1.978 0.200  -0.082  0.203  -0.127  0.351 -0.082 0.203 wukong13_166070607_lesspayne_norm_EQW_params_synt
  607.0   C-N   1  0  6.314  0.000  0.000    6.314    0.000    0.385  0.199 -0.064  0.002  0.117 0.240    0.199   -0.064  0.002  0.117  0.240 -1.516 0.240   0.380  0.212   0.335  0.360  0.380 0.212 wukong13_166070607_lesspayne_norm_EQW_params_synt
    8.0   O I   1  1  8.375    nan    nan    8.375      nan      nan    nan    nan    nan    nan   nan      nan      nan    nan    nan    nan -0.315   nan   1.581    nan   1.536    nan  1.581   nan wukong13_166070607_lesspayne_norm_EQW_params_synt
   11.0  Na I   3  0  4.694  0.022  0.012    4.699    0.021    0.089  0.078 -0.069 -0.014  0.012 0.106    0.064   -0.027 -0.008  0.007  0.070 -1.541 0.073  -0.280  0.166  -0.362  0.292 -0.280 0.166             wukong14_3696527104395430016_lesspayn
   12.0  Mg I   7  0  6.403  0.167  0.063    6.447    0.155    0.074  0.094 -0.127 -0.032  0.022 0.162    0.080   -0.081 -0.034  0.013  0.120 -1.153 0.196   0.108  0.221   0.026  0.372  0.108 0.221             wukong14_3696527104395430016_lesspayn
   13.0  Al I   1  0  4.582  0.000  0.000    4.582    0.000    0.410  0.155 -0.216 -0.027  0.050 0.271    0.155   -0.216 -0.027  0.050  0.271 -1.868 0.271  -0.606  0.238  -0.689  0.479 -0.606 0.238             wukong14_3696527104395430016_lesspayn
   14.0  Si I   6  0  6.532  0.203  0.083    6.523    0.179    0.061  0.050  0.012 -0.017  0.018 0.057    0.045    0.022 -0.015  0.018  0.055 -0.987 0.187   0.274  0.254   0.192  0.304  0.274 0.254             wukong14_3696527104395430016_lesspayn
   20.0  Ca I  20  0  5.318  0.085  0.019    5.304    0.084    0.037  0.086 -0.070 -0.053  0.005 0.123    0.081   -0.050 -0.048  0.003  0.107 -1.036 0.136   0.226  0.172   0.143  0.324  0.226 0.172             wukong14_3696527104395430016_lesspayn
   21.1 Sc II   8  0  2.242  0.201  0.071    2.265    0.220    0.109 -0.025  0.186 -0.080  0.010 0.204   -0.031    0.167 -0.070  0.008  0.183 -0.885 0.286   0.376  0.365   0.294  0.268  0.376 0.365             wukong14_3696527104395430016_lesspayn
   22.0  Ti I  47  0  3.928  0.185  0.027    3.910    0.174    0.026  0.128 -0.011 -0.044 -0.003 0.136    0.124   -0.008 -0.037 -0.002  0.129 -1.040 0.216   0.221  0.233   0.139  0.347  0.221 0.233             wukong14_3696527104395430016_lesspayn
   22.1 Ti II  37  0  4.141  0.138  0.023    4.146    0.135    0.040  0.001  0.199 -0.055  0.053 0.213    0.003    0.188 -0.059  0.054  0.205 -0.804 0.245   0.457  0.327   0.375  0.199  0.457 0.327             wukong14_3696527104395430016_lesspayn
   23.0   V I   2  0  2.617  0.055  0.039    2.606    0.054    0.114  0.052  0.047 -0.028 -0.080 0.110    0.045    0.041 -0.027 -0.081  0.105 -1.324 0.118  -0.063  0.212  -0.145  0.269 -0.063 0.212             wukong14_3696527104395430016_lesspayn
   23.1  V II   2  0  2.840  0.084  0.059    2.859    0.082    0.183 -0.002  0.217 -0.003  0.029 0.219   -0.002    0.212 -0.005  0.026  0.214 -1.071 0.229   0.191  0.332   0.109  0.174  0.191 0.332             wukong14_3696527104395430016_lesspayn
   24.0  Cr I  12  0  4.442  0.122  0.035    4.436    0.126    0.055  0.133 -0.020 -0.073 -0.009 0.153    0.132   -0.017 -0.070 -0.008  0.151 -1.204 0.196   0.057  0.198  -0.025  0.337  0.057 0.198             wukong14_3696527104395430016_lesspayn
   24.1 Cr II   3  0  4.367  0.048  0.028    4.368    0.048    0.141 -0.039  0.210 -0.022  0.031 0.217   -0.039    0.210 -0.022  0.031  0.217 -1.272 0.222  -0.011  0.335  -0.093  0.153 -0.011 0.335             wukong14_3696527104395430016_lesspayn
   25.0  Mn I   7  0  3.853  0.105  0.040    3.858    0.102    0.091  0.096 -0.031 -0.051  0.001 0.113    0.082   -0.018 -0.037 -0.007  0.092 -1.572 0.137  -0.310  0.186  -0.393  0.308 -0.310 0.186             wukong14_3696527104395430016_lesspayn
   26.0  Fe I 104  0  6.257  0.144  0.014    6.239    0.147    0.019  0.117 -0.063 -0.072  0.008 0.151    0.106   -0.044 -0.066  0.007  0.133 -1.261 0.198   0.000  0.000  -0.082  0.351  0.000 0.000             wukong14_3696527104395430016_lesspayn
   26.1 Fe II  27  0  6.321  0.136  0.026    6.321    0.141    0.048 -0.033  0.209 -0.049  0.050 0.223   -0.031    0.202 -0.051  0.050  0.216 -1.179 0.258   0.082  0.351   0.000  0.000  0.082 0.351             wukong14_3696527104395430016_lesspayn
   27.0  Co I   4  0  3.858  0.252  0.126    3.892    0.240    0.101  0.116  0.029 -0.057 -0.012 0.133    0.114    0.032 -0.047 -0.007  0.128 -1.098 0.272   0.164  0.293   0.081  0.362  0.164 0.293             wukong14_3696527104395430016_lesspayn
   28.0  Ni I  21  0  4.912  0.199  0.044    4.881    0.187    0.033  0.090  0.026 -0.033  0.010 0.099    0.086    0.026 -0.031  0.010  0.095 -1.339 0.210  -0.078  0.252  -0.160  0.319 -0.078 0.252             wukong14_3696527104395430016_lesspayn
   29.0  Cu I   1  0  1.744  0.000  0.000    1.744    0.000    0.214  0.095  0.048  0.003  0.006 0.106    0.095    0.048  0.003  0.006  0.106 -2.446 0.106  -1.185  0.187  -1.267  0.253 -1.185 0.187             wukong14_3696527104395430016_lesspayn
   30.0  Zn I   2  0  3.242  0.063  0.045    3.242    0.063    0.131  0.004  0.144 -0.030  0.038 0.153    0.004    0.144 -0.030  0.038  0.153 -1.318 0.165  -0.056  0.272  -0.139  0.170 -0.056 0.272             wukong14_3696527104395430016_lesspayn
   38.0  Sr I   1  0  1.284  0.000  0.000    1.284    0.000    0.163  0.118 -0.002 -0.008  0.005 0.118    0.118   -0.002 -0.008  0.005  0.118 -1.586 0.118  -0.325  0.164  -0.407  0.296 -0.325 0.164             wukong14_3696527104395430016_lesspayn
   38.1 Sr II   2  0  1.677  0.074  0.052    1.671    0.073    0.127  0.055  0.080 -0.026  0.086 0.132    0.056    0.078 -0.026  0.086  0.132 -1.199 0.151   0.062  0.229  -0.020  0.224  0.062 0.229             wukong14_3696527104395430016_lesspayn
   39.1  Y II   3  0  0.842  0.092  0.053    0.839    0.090    0.152  0.006  0.222 -0.041  0.056 0.232    0.006    0.221 -0.041  0.055  0.232 -1.371 0.249  -0.110  0.337  -0.192  0.173 -0.110 0.337             wukong14_3696527104395430016_lesspayn
   40.1 Zr II   1  0  1.567  0.000  0.000    1.567    0.000    0.276 -0.044  0.242 -0.033 -0.012 0.249   -0.044    0.242 -0.033 -0.012  0.249 -1.013 0.249   0.248  0.358   0.166  0.161  0.248 0.358             wukong14_3696527104395430016_lesspayn
   56.1 Ba II   4  0  1.267  0.064  0.032    1.266    0.063    0.135  0.027  0.121 -0.085  0.062 0.163    0.030    0.105 -0.081  0.062  0.150 -0.914 0.162   0.347  0.239   0.265  0.195  0.347 0.239             wukong14_3696527104395430016_lesspayn
   57.1 La II   6  0  0.308  0.068  0.028    0.315    0.069    0.098  0.003  0.197 -0.022  0.053 0.205    0.005    0.196 -0.022  0.055  0.204 -0.785 0.216   0.477  0.314   0.395  0.164  0.477 0.314             wukong14_3696527104395430016_lesspayn
   63.1 Eu II   4  0 -0.026  0.056  0.028   -0.027    0.055    0.126  0.009  0.214 -0.006  0.059 0.222    0.010    0.213 -0.006  0.059  0.221 -0.547 0.228   0.714  0.327   0.632  0.163  0.714 0.327             wukong14_3696527104395430016_lesspayn
   66.1 Dy II   2  0  0.794  0.013  0.010    0.796    0.013    0.212  0.000  0.242  0.032  0.053 0.250    0.000    0.240  0.028  0.053  0.248 -0.304 0.248   0.958  0.354   0.876  0.170  0.958 0.354             wukong14_3696527104395430016_lesspayn
  106.0   C-H   2  0  7.102  0.022  0.016    7.100    0.022    0.149  0.104 -0.055  0.001  0.142 0.185    0.103   -0.055  0.001  0.142  0.184 -1.330 0.185  -0.068  0.212  -0.151  0.340 -0.068 0.212             wukong14_3696527104395430016_lesspayn
  607.0   C-N   1  0  6.792  0.000  0.000    6.792    0.000    0.377  0.168 -0.028  0.001  0.151 0.228    0.168   -0.028  0.001  0.151  0.228 -1.038 0.228   0.223  0.226   0.141  0.354  0.223 0.226             wukong14_3696527104395430016_lesspayn
    8.0   O I   1  1  8.367    nan    nan    8.367      nan      nan    nan    nan    nan    nan   nan      nan      nan    nan    nan    nan -0.323   nan   0.938    nan   0.856    nan  0.938   nan             wukong14_3696527104395430016_lesspayn
   11.0  Na I   3  0  4.505  0.038  0.022    4.493    0.029    0.108  0.118 -0.141 -0.022  0.006 0.185    0.089   -0.076 -0.013  0.000  0.118 -1.747 0.122   0.002  0.162  -0.083  0.319  0.002 0.162  wukong1_111161424_lesspayne_norm_EQW_params_synt
   12.0  Mg I   7  0  6.104  0.104  0.039    6.143    0.104    0.075  0.108 -0.133 -0.024  0.010 0.173    0.091   -0.091 -0.023  0.001  0.131 -1.457 0.167   0.292  0.191   0.207  0.346  0.292 0.191  wukong1_111161424_lesspayne_norm_EQW_params_synt
   13.0  Al I   1  0  4.214  0.000  0.000    4.214    0.000    0.424  0.177 -0.224 -0.024  0.048 0.290    0.177   -0.224 -0.024  0.048  0.290 -2.236 0.290  -0.488  0.247  -0.573  0.474 -0.488 0.247  wukong1_111161424_lesspayne_norm_EQW_params_synt
   14.0  Si I   5  0  6.187  0.247  0.110    6.179    0.245    0.068  0.070 -0.013 -0.015  0.010 0.073    0.059    0.006 -0.012  0.009  0.061 -1.331 0.253   0.417  0.301   0.333  0.343  0.417 0.301  wukong1_111161424_lesspayne_norm_EQW_params_synt
   19.0   K I   2  0  4.081  0.065  0.046    4.073    0.064    0.140  0.119 -0.100 -0.054 -0.024 0.166    0.118   -0.097 -0.054 -0.024  0.164 -0.957 0.176   0.791  0.170   0.707  0.356  0.791 0.170  wukong1_111161424_lesspayne_norm_EQW_params_synt
   20.0  Ca I  21  0  4.973  0.103  0.022    4.963    0.106    0.036  0.093 -0.082 -0.040 -0.009 0.131    0.088   -0.063 -0.035 -0.011  0.114 -1.377 0.156   0.371  0.187   0.287  0.325  0.371 0.187  wukong1_111161424_lesspayne_norm_EQW_params_synt
   21.1 Sc II   8  0  1.657  0.176  0.062    1.639    0.172    0.111 -0.028  0.185 -0.061  0.001 0.197   -0.016    0.167 -0.053  0.009  0.176 -1.511 0.246   0.238  0.340   0.153  0.218  0.238 0.340  wukong1_111161424_lesspayne_norm_EQW_params_synt
   22.0  Ti I  48  0  3.389  0.205  0.030    3.369    0.177    0.027  0.141 -0.030 -0.030 -0.017 0.148    0.136   -0.025 -0.023 -0.014  0.141 -1.581 0.226   0.167  0.233   0.083  0.349  0.167 0.233  wukong1_111161424_lesspayne_norm_EQW_params_synt
   22.1 Ti II  53  0  3.705  0.210  0.029    3.717    0.213    0.032  0.017  0.176 -0.049  0.052 0.191    0.019    0.168 -0.053  0.053  0.185 -1.233 0.282   0.516  0.357   0.431  0.251  0.516 0.357  wukong1_111161424_lesspayne_norm_EQW_params_synt
   23.0   V I   2  0  1.999  0.035  0.025    1.995    0.035    0.128  0.106  0.041  0.001 -0.066 0.132    0.103    0.039 -0.000 -0.069  0.130 -1.935 0.135  -0.186  0.189  -0.271  0.265 -0.186 0.189  wukong1_111161424_lesspayne_norm_EQW_params_synt
   23.1  V II   2  0  2.276  0.053  0.037    2.284    0.052    0.169 -0.019  0.189 -0.012  0.039 0.194   -0.016    0.188 -0.011  0.037  0.193 -1.646 0.200   0.103  0.319   0.018  0.139  0.103 0.319  wukong1_111161424_lesspayne_norm_EQW_params_synt
   24.0  Cr I  15  0  3.786  0.105  0.027    3.783    0.101    0.050  0.143 -0.039 -0.042 -0.019 0.155    0.142   -0.034 -0.039 -0.019  0.153 -1.857 0.183  -0.108  0.180  -0.193  0.327 -0.108 0.180  wukong1_111161424_lesspayne_norm_EQW_params_synt
   24.1 Cr II   6  0  4.011  0.102  0.042    4.010    0.103    0.094 -0.033  0.195 -0.017  0.035 0.202   -0.033    0.195 -0.017  0.035  0.202 -1.630 0.226   0.118  0.342   0.034  0.164  0.118 0.342  wukong1_111161424_lesspayne_norm_EQW_params_synt
   25.0  Mn I   6  0  3.221  0.065  0.026    3.213    0.063    0.097  0.104 -0.030 -0.016 -0.016 0.110    0.102   -0.031 -0.014 -0.015  0.108 -2.217 0.125  -0.469  0.166  -0.554  0.296 -0.469 0.166  wukong1_111161424_lesspayne_norm_EQW_params_synt
   26.0  Fe I 126  0  5.781  0.159  0.014    5.751    0.147    0.017  0.140 -0.057 -0.059 -0.015 0.162    0.124   -0.044 -0.048 -0.012  0.141 -1.749 0.204   0.000  0.000  -0.085  0.341  0.000 0.000  wukong1_111161424_lesspayne_norm_EQW_params_synt
   26.1 Fe II  23  0  5.835  0.116  0.024    5.836    0.124    0.049 -0.022  0.193 -0.038  0.050 0.204   -0.021    0.189 -0.040  0.050  0.201 -1.664 0.236   0.085  0.341   0.000  0.000  0.085 0.341  wukong1_111161424_lesspayne_norm_EQW_params_synt
   27.0  Co I   4  0  3.197  0.310  0.155    3.289    0.322    0.097  0.138 -0.013 -0.031 -0.024 0.144    0.119   -0.017 -0.031 -0.026  0.127 -1.701 0.346   0.047  0.356  -0.037  0.432  0.047 0.356  wukong1_111161424_lesspayne_norm_EQW_params_synt
   28.0  Ni I  26  0  4.451  0.132  0.026    4.430    0.131    0.032  0.108  0.004 -0.022 -0.004 0.110    0.104    0.006 -0.019 -0.002  0.106 -1.790 0.168  -0.041  0.206  -0.126  0.291 -0.041 0.206  wukong1_111161424_lesspayne_norm_EQW_params_synt
   30.0  Zn I   2  0  2.893  0.066  0.047    2.891    0.066    0.123  0.014  0.131 -0.021  0.035 0.138    0.014    0.130 -0.021  0.035  0.137 -1.669 0.152   0.080  0.267  -0.005  0.158  0.080 0.267  wukong1_111161424_lesspayne_norm_EQW_params_synt
   38.0  Sr I   1  0  1.069  0.000  0.000    1.069    0.000    0.176  0.135 -0.017 -0.007 -0.009 0.137    0.135   -0.017 -0.007 -0.009  0.137 -1.801 0.137  -0.052  0.156  -0.137  0.295 -0.052 0.156  wukong1_111161424_lesspayne_norm_EQW_params_synt
   38.1 Sr II   2  0  1.255  0.057  0.040    1.268    0.055    0.143  0.099  0.075 -0.050  0.093 0.163    0.098    0.068 -0.050  0.092  0.159 -1.602 0.168   0.147  0.221   0.062  0.222  0.147 0.221  wukong1_111161424_lesspayne_norm_EQW_params_synt
   39.1  Y II   3  0  0.396  0.044  0.025    0.394    0.043    0.147  0.015  0.212 -0.024  0.054 0.221    0.016    0.212 -0.024  0.053  0.220 -1.816 0.224  -0.067  0.325  -0.152  0.139 -0.067 0.325  wukong1_111161424_lesspayne_norm_EQW_params_synt
   40.1 Zr II   1  0  1.165  0.000  0.000    1.165    0.000    0.289 -0.000  0.256  0.007  0.007 0.256   -0.000    0.256  0.007  0.007  0.256 -1.415 0.256   0.334  0.361   0.249  0.156  0.334 0.361  wukong1_111161424_lesspayne_norm_EQW_params_synt
   56.1 Ba II   4  0  0.694  0.036  0.018    0.695    0.034    0.135  0.047  0.122 -0.069  0.063 0.161    0.050    0.110 -0.069  0.063  0.152 -1.485 0.156   0.264  0.241   0.179  0.170  0.264 0.241  wukong1_111161424_lesspayne_norm_EQW_params_synt
   57.1 La II   6  0 -0.369  0.037  0.015   -0.370    0.037    0.101  0.031  0.196 -0.006  0.059 0.207    0.033    0.195 -0.005  0.060  0.207 -1.470 0.210   0.278  0.309   0.193  0.145  0.278 0.309  wukong1_111161424_lesspayne_norm_EQW_params_synt
   63.1 Eu II   4  0 -0.734  0.060  0.030   -0.733    0.058    0.129  0.024  0.212  0.002  0.059 0.222    0.026    0.210  0.001  0.059  0.219 -1.253 0.227   0.496  0.326   0.411  0.152  0.496 0.326  wukong1_111161424_lesspayne_norm_EQW_params_synt
   66.1 Dy II   2  0  0.127  0.004  0.003    0.127    0.004    0.163 -0.010  0.163 -0.047 -0.012 0.171   -0.009    0.163 -0.047 -0.011  0.170 -0.973 0.170   0.776  0.287   0.691  0.141  0.776 0.287  wukong1_111161424_lesspayne_norm_EQW_params_synt
  106.0   C-H   2  0  6.524  0.008  0.006    6.524    0.008    0.176  0.158 -0.073 -0.002  0.147 0.228    0.158   -0.073 -0.002  0.147  0.228 -1.906 0.228  -0.157  0.227  -0.242  0.356 -0.157 0.227  wukong1_111161424_lesspayne_norm_EQW_params_synt
  607.0   C-N   1  0  6.305  0.000  0.000    6.305    0.000    0.404  0.218 -0.022  0.000  0.156 0.269    0.218   -0.022  0.000  0.156  0.269 -1.525 0.269   0.223  0.248   0.138  0.360  0.223 0.248  wukong1_111161424_lesspayne_norm_EQW_params_synt
    8.0   O I   1  1  7.833    nan    nan    7.833      nan      nan    nan    nan    nan    nan   nan      nan      nan    nan    nan    nan -0.857   nan   0.891    nan   0.806    nan  0.891   nan  wukong1_111161424_lesspayne_norm_EQW_params_synt
   11.0  Na I   3  0  4.348  0.072  0.041    4.309    0.074    0.119  0.141 -0.116 -0.031 -0.005 0.186    0.114   -0.079 -0.020 -0.009  0.140 -1.931 0.159  -0.053  0.216  -0.078  0.354 -0.053 0.216  wukong2_114265423_lesspayne_norm_EQW_params_synt
   12.0  Mg I   6  0  6.063  0.123  0.050    6.053    0.106    0.085  0.133 -0.131 -0.034 -0.003 0.189    0.108   -0.094 -0.028 -0.008  0.146 -1.547 0.180   0.332  0.232   0.306  0.371  0.332 0.232  wukong2_114265423_lesspayne_norm_EQW_params_synt
   13.0  Al I   1  0  4.020  0.000  0.000    4.020    0.000    0.448  0.169 -0.218 -0.048  0.015 0.281    0.169   -0.218 -0.048  0.015  0.281 -2.430 0.281  -0.552  0.272  -0.577  0.483 -0.552 0.272  wukong2_114265423_lesspayne_norm_EQW_params_synt
   14.0  Si I   7  0  6.038  0.164  0.062    6.049    0.121    0.059  0.068  0.003 -0.011  0.019 0.072    0.056    0.023 -0.008  0.014  0.063 -1.461 0.136   0.418  0.256   0.392  0.270  0.418 0.256  wukong2_114265423_lesspayne_norm_EQW_params_synt
   19.0   K I   2  0  4.174  0.013  0.009    4.175    0.013    0.146  0.143 -0.071 -0.066 -0.035 0.176    0.142   -0.071 -0.066 -0.035  0.176 -0.855 0.176   1.023  0.199   0.998  0.361  1.023 0.199  wukong2_114265423_lesspayne_norm_EQW_params_synt
   20.0  Ca I  22  0  4.816  0.144  0.031    4.812    0.135    0.038  0.109 -0.063 -0.045 -0.028 0.136    0.105   -0.053 -0.039 -0.027  0.127 -1.528 0.186   0.351  0.240   0.325  0.354  0.351 0.240  wukong2_114265423_lesspayne_norm_EQW_params_synt
   21.1 Sc II   8  0  1.682  0.240  0.085    1.707    0.285    0.116 -0.023  0.175 -0.082  0.008 0.195   -0.015    0.143 -0.074  0.023  0.164 -1.443 0.328   0.435  0.420   0.410  0.323  0.435 0.420  wukong2_114265423_lesspayne_norm_EQW_params_synt
   22.0  Ti I  54  0  3.458  0.187  0.025    3.437    0.165    0.029  0.164 -0.046 -0.036 -0.033 0.177    0.155   -0.042 -0.027 -0.029  0.165 -1.513 0.234   0.365  0.257   0.340  0.381  0.365 0.257  wukong2_114265423_lesspayne_norm_EQW_params_synt
   22.1 Ti II  47  0  3.598  0.241  0.035    3.602    0.240    0.035  0.009  0.167 -0.056  0.063 0.187    0.010    0.164 -0.055  0.064  0.185 -1.348 0.303   0.531  0.399   0.506  0.278  0.531 0.399  wukong2_114265423_lesspayne_norm_EQW_params_synt
   23.0   V I   2  0  1.930  0.023  0.017    1.942    0.020    0.173  0.171  0.000 -0.028 -0.100 0.200    0.134   -0.014 -0.027 -0.103  0.172 -1.988 0.173  -0.109  0.213  -0.135  0.343 -0.109 0.213  wukong2_114265423_lesspayne_norm_EQW_params_synt
   23.1  V II   2  0  2.213  0.159  0.112    2.265    0.150    0.177 -0.016  0.169 -0.012  0.056 0.179   -0.009    0.165 -0.008  0.052  0.173 -1.665 0.229   0.214  0.360   0.188  0.204  0.214 0.360  wukong2_114265423_lesspayne_norm_EQW_params_synt
   24.0  Cr I  15  0  3.763  0.086  0.022    3.758    0.085    0.058  0.169 -0.053 -0.054 -0.039 0.189    0.168   -0.051 -0.051 -0.038  0.186 -1.882 0.205  -0.003  0.215  -0.028  0.369 -0.003 0.215  wukong2_114265423_lesspayne_norm_EQW_params_synt
   24.1 Cr II   5  0  3.764  0.166  0.074    3.765    0.168    0.104 -0.038  0.190 -0.014  0.050 0.201   -0.038    0.190 -0.014  0.050  0.201 -1.875 0.262   0.003  0.393  -0.022  0.214  0.003 0.393  wukong2_114265423_lesspayne_norm_EQW_params_synt
   25.0  Mn I   5  0  3.210  0.044  0.020    3.206    0.043    0.112  0.122 -0.045 -0.019 -0.029 0.134    0.119   -0.045 -0.017 -0.029  0.132 -2.224 0.139  -0.346  0.203  -0.371  0.331 -0.346 0.203  wukong2_114265423_lesspayne_norm_EQW_params_synt
   26.0  Fe I 101  0  5.679  0.219  0.022    5.621    0.194    0.021  0.154 -0.040 -0.061 -0.027 0.173    0.137   -0.036 -0.049 -0.024  0.151 -1.879 0.246   0.000  0.000  -0.025  0.381  0.000 0.000  wukong2_114265423_lesspayne_norm_EQW_params_synt
   26.1 Fe II  25  0  5.647  0.125  0.025    5.647    0.129    0.050 -0.032  0.199 -0.035  0.065 0.215   -0.031    0.198 -0.036  0.065  0.214 -1.853 0.250   0.025  0.381   0.000  0.000  0.025 0.381  wukong2_114265423_lesspayne_norm_EQW_params_synt
   27.0  Co I   4  0  3.118  0.427  0.213    3.262    0.400    0.122  0.142 -0.027 -0.046 -0.042 0.157    0.131   -0.020 -0.037 -0.032  0.141 -1.728 0.424   0.150  0.445   0.125  0.510  0.150 0.445  wukong2_114265423_lesspayne_norm_EQW_params_synt
   28.0  Ni I  25  0  4.378  0.255  0.051    4.324    0.240    0.034  0.121  0.002 -0.027 -0.010 0.124    0.113    0.002 -0.022 -0.009  0.116 -1.896 0.266  -0.018  0.313  -0.043  0.373 -0.018 0.313  wukong2_114265423_lesspayne_norm_EQW_params_synt
   30.0  Zn I   2  0  2.716  0.108  0.077    2.714    0.108    0.127  0.004  0.131 -0.017  0.047 0.140    0.004    0.131 -0.017  0.047  0.140 -1.846 0.177   0.033  0.318   0.007  0.187  0.033 0.318  wukong2_114265423_lesspayne_norm_EQW_params_synt
   38.0  Sr I   1  0  0.817  0.000  0.000    0.817    0.000    0.193  0.151 -0.038 -0.006 -0.021 0.157    0.151   -0.038 -0.006 -0.021  0.157 -2.053 0.157  -0.174  0.200  -0.200  0.338 -0.174 0.200  wukong2_114265423_lesspayne_norm_EQW_params_synt
   38.1 Sr II   2  0  1.024  0.210  0.148    1.152    0.166    0.167  0.093  0.120 -0.025  0.130 0.202    0.090    0.068 -0.020  0.113  0.161 -1.718 0.231   0.161  0.313   0.136  0.280  0.161 0.313  wukong2_114265423_lesspayne_norm_EQW_params_synt
   39.1  Y II   3  0  0.300  0.040  0.023    0.300    0.040    0.146  0.006  0.197 -0.039  0.069 0.212    0.006    0.197 -0.039  0.069  0.212 -1.910 0.216  -0.031  0.345  -0.056  0.140 -0.031 0.345  wukong2_114265423_lesspayne_norm_EQW_params_synt
   40.1 Zr II   1  0  0.824  0.000  0.000    0.824    0.000    0.263 -0.037  0.213 -0.040 -0.040 0.223   -0.037    0.213 -0.040 -0.040  0.223 -1.756 0.223   0.122  0.361   0.097  0.167  0.122 0.361  wukong2_114265423_lesspayne_norm_EQW_params_synt
   56.1 Ba II   4  0  0.490  0.043  0.022    0.489    0.044    0.148  0.014  0.139 -0.101  0.056 0.181    0.013    0.135 -0.104  0.054  0.179 -1.691 0.185   0.187  0.305   0.162  0.171  0.187 0.305  wukong2_114265423_lesspayne_norm_EQW_params_synt
   57.1 La II   6  0 -0.462  0.089  0.036   -0.464    0.083    0.100  0.008  0.178 -0.016  0.069 0.192    0.015    0.177 -0.013  0.071  0.192 -1.564 0.209   0.315  0.339   0.290  0.163  0.315 0.339  wukong2_114265423_lesspayne_norm_EQW_params_synt
   63.1 Eu II   4  0 -0.811  0.043  0.021   -0.817    0.043    0.117  0.007  0.182 -0.004  0.064 0.193    0.006    0.178 -0.006  0.062  0.189 -1.337 0.194   0.541  0.334   0.516  0.145  0.541 0.334  wukong2_114265423_lesspayne_norm_EQW_params_synt
   66.1 Dy II   1  0 -0.107  0.000  0.000   -0.107    0.000    0.303  0.039  0.218  0.007  0.065 0.231    0.039    0.218  0.007  0.065  0.231 -1.207 0.231   0.672  0.351   0.646  0.154  0.672 0.351  wukong2_114265423_lesspayne_norm_EQW_params_synt
  106.0   C-H   2  0  5.985  0.008  0.006    5.985    0.008    0.193  0.146 -0.082 -0.002  0.189 0.252    0.146   -0.082 -0.002  0.188  0.252 -2.445 0.252  -0.566  0.295  -0.592  0.378 -0.566 0.295  wukong2_114265423_lesspayne_norm_EQW_params_synt
  607.0   C-N   1  0  6.435  0.000  0.000    6.435    0.000    0.417  0.209 -0.027  0.003  0.197 0.288    0.209   -0.027  0.003  0.197  0.288 -1.395 0.288   0.484  0.307   0.458  0.380  0.484 0.307  wukong2_114265423_lesspayne_norm_EQW_params_synt
    8.0   O I   1  1  7.958    nan    nan    7.958      nan      nan    nan    nan    nan    nan   nan      nan      nan    nan    nan    nan -0.732   nan   1.146    nan   1.121    nan  1.146   nan  wukong2_114265423_lesspayne_norm_EQW_params_synt
   11.0  Na I   2  0  4.016  0.026  0.018    4.017    0.025    0.189  0.164 -0.171 -0.051 -0.011 0.243    0.164   -0.170 -0.051 -0.011  0.242 -2.223 0.244   0.110  0.235   0.071  0.423  0.110 0.235  wukong3_116363589_lesspayne_norm_EQW_params_synt
   12.0  Mg I   6  0  5.490  0.057  0.023    5.489    0.063    0.079  0.117 -0.123 -0.018  0.004 0.171    0.095   -0.074 -0.017 -0.001  0.122 -2.111 0.137   0.222  0.202   0.183  0.325  0.222 0.202  wukong3_116363589_lesspayne_norm_EQW_params_synt
   13.0  Al I   1  0  3.522  0.000  0.000    3.522    0.000    0.439  0.067 -0.274 -0.068 -0.000 0.290    0.067   -0.274 -0.068 -0.000  0.290 -2.928 0.290  -0.595  0.308  -0.634  0.490 -0.595 0.308  wukong3_116363589_lesspayne_norm_EQW_params_synt
   14.0  Si I   3  0  5.769  0.206  0.119    5.867    0.140    0.111  0.117 -0.084 -0.030  0.004 0.147    0.087   -0.026 -0.022 -0.000  0.093 -1.643 0.168   0.690  0.236   0.651  0.312  0.690 0.236  wukong3_116363589_lesspayne_norm_EQW_params_synt
   20.0  Ca I  20  0  4.263  0.112  0.025    4.256    0.115    0.035  0.085 -0.040 -0.023 -0.006 0.096    0.082   -0.036 -0.021 -0.006  0.092 -2.084 0.147   0.248  0.222   0.209  0.308  0.248 0.222  wukong3_116363589_lesspayne_norm_EQW_params_synt
   21.1 Sc II   8  0  0.925  0.105  0.037    0.893    0.092    0.119 -0.000  0.227 -0.046  0.012 0.232    0.012    0.206 -0.035  0.021  0.210 -2.257 0.229   0.076  0.339   0.037  0.191  0.076 0.339  wukong3_116363589_lesspayne_norm_EQW_params_synt
   22.0  Ti I  23  0  2.744  0.154  0.032    2.730    0.140    0.040  0.135 -0.032 -0.020 -0.017 0.141    0.132   -0.031 -0.017 -0.016  0.137 -2.220 0.197   0.113  0.234   0.074  0.332  0.113 0.234  wukong3_116363589_lesspayne_norm_EQW_params_synt
   22.1 Ti II  46  0  2.937  0.173  0.025    2.941    0.165    0.033  0.041  0.168 -0.034  0.039 0.180    0.041    0.167 -0.033  0.039  0.180 -2.009 0.244   0.323  0.335   0.284  0.236  0.323 0.335  wukong3_116363589_lesspayne_norm_EQW_params_synt
   23.0   V I   2  0  1.185  0.012  0.009    1.186    0.012    0.136  0.037  0.100  0.003 -0.065 0.125    0.036    0.098  0.003 -0.065  0.123 -2.744 0.124  -0.412  0.253  -0.451  0.216 -0.412 0.253  wukong3_116363589_lesspayne_norm_EQW_params_synt
   23.1  V II   2  0  1.835  0.061  0.043    1.833    0.061    0.184 -0.002  0.187 -0.008  0.020 0.188   -0.002    0.187 -0.008  0.019  0.188 -2.097 0.198   0.235  0.324   0.197  0.178  0.235 0.324  wukong3_116363589_lesspayne_norm_EQW_params_synt
   24.0  Cr I  13  0  3.078  0.127  0.035    3.087    0.123    0.049  0.124 -0.030 -0.016 -0.015 0.130    0.123   -0.029 -0.014 -0.014  0.128 -2.553 0.178  -0.220  0.224  -0.259  0.320 -0.220 0.224  wukong3_116363589_lesspayne_norm_EQW_params_synt
   24.1 Cr II   3  0  3.338  0.184  0.106    3.334    0.185    0.128 -0.014  0.184 -0.009  0.026 0.186   -0.014    0.184 -0.009  0.026  0.186 -2.306 0.263   0.026  0.371  -0.013  0.250  0.026 0.371  wukong3_116363589_lesspayne_norm_EQW_params_synt
   25.0  Mn I   6  0  2.721  0.056  0.023    2.722    0.058    0.099  0.088 -0.032 -0.004 -0.010 0.095    0.087   -0.034 -0.004 -0.009  0.094 -2.708 0.110  -0.376  0.200  -0.415  0.293 -0.376 0.200  wukong3_116363589_lesspayne_norm_EQW_params_synt
   26.0  Fe I 135  0  5.216  0.201  0.017    5.168    0.186    0.017  0.136 -0.052 -0.046 -0.017 0.153    0.119   -0.037 -0.033 -0.013  0.130 -2.332 0.227   0.000  0.000  -0.039  0.353  0.000 0.000  wukong3_116363589_lesspayne_norm_EQW_params_synt
   26.1 Fe II  20  0  5.199  0.166  0.037    5.207    0.164    0.051  0.007  0.180 -0.032  0.039 0.187    0.007    0.181 -0.031  0.038  0.188 -2.293 0.249   0.039  0.353   0.000  0.000  0.039 0.353  wukong3_116363589_lesspayne_norm_EQW_params_synt
   27.0  Co I   4  0  2.708  0.156  0.078    2.732    0.155    0.092  0.123 -0.028 -0.016 -0.022 0.129    0.119   -0.028 -0.014 -0.021  0.124 -2.258 0.199   0.075  0.243   0.036  0.333  0.075 0.243  wukong3_116363589_lesspayne_norm_EQW_params_synt
   28.0  Ni I  12  0  3.970  0.208  0.060    3.957    0.205    0.051  0.118 -0.022 -0.023 -0.010 0.122    0.109   -0.013 -0.015 -0.008  0.111 -2.263 0.233   0.070  0.279   0.031  0.345  0.070 0.279  wukong3_116363589_lesspayne_norm_EQW_params_synt
   30.0  Zn I   1  0  2.155  0.000  0.000    2.155    0.000    0.163  0.036  0.105 -0.005  0.017 0.112    0.036    0.105 -0.005  0.017  0.112 -2.405 0.112  -0.073  0.252  -0.112  0.187 -0.073 0.252  wukong3_116363589_lesspayne_norm_EQW_params_synt
   38.1 Sr II   2  0  0.618  0.097  0.069    0.624    0.097    0.122  0.093  0.034 -0.043  0.038 0.115    0.093    0.033 -0.043  0.038  0.114 -2.246 0.150   0.087  0.229   0.048  0.257  0.087 0.229  wukong3_116363589_lesspayne_norm_EQW_params_synt
   39.1  Y II   3  0 -0.431  0.085  0.049   -0.435    0.084    0.132  0.031  0.183 -0.005  0.036 0.189    0.031    0.182 -0.005  0.036  0.188 -2.645 0.206  -0.313  0.318  -0.352  0.188 -0.313 0.318  wukong3_116363589_lesspayne_norm_EQW_params_synt
   40.1 Zr II   1  0  0.267  0.000  0.000    0.267    0.000    0.281  0.010  0.216 -0.005  0.029 0.218    0.010    0.216 -0.005  0.029  0.218 -2.313 0.218   0.020  0.336  -0.019  0.170  0.020 0.336  wukong3_116363589_lesspayne_norm_EQW_params_synt
   56.1 Ba II   4  0 -0.443  0.043  0.021   -0.442    0.042    0.147  0.063  0.155 -0.034  0.047 0.177    0.063    0.156 -0.034  0.047  0.178 -2.622 0.182  -0.290  0.284  -0.329  0.181 -0.290 0.284  wukong3_116363589_lesspayne_norm_EQW_params_synt
   63.1 Eu II   2  0 -1.705  0.049  0.034   -1.708    0.049    0.167  0.030  0.196  0.002  0.033 0.201    0.030    0.196  0.002  0.033  0.201 -2.228 0.207   0.105  0.321   0.066  0.177  0.105 0.321  wukong3_116363589_lesspayne_norm_EQW_params_synt
  106.0   C-H   2  0  6.032  0.001  0.001    6.032    0.001    0.206  0.211 -0.135  0.001  0.109 0.273    0.209   -0.134  0.002  0.109  0.272 -2.398 0.272  -0.066  0.261  -0.104  0.416 -0.066 0.261  wukong3_116363589_lesspayne_norm_EQW_params_synt
    8.0   O I   1  1  8.003    nan    nan    8.003      nan      nan    nan    nan    nan    nan   nan      nan      nan    nan    nan    nan -0.687   nan   1.645    nan   1.606    nan  1.645   nan  wukong3_116363589_lesspayne_norm_EQW_params_synt
   57.1 La II   1  1 -1.271    nan    nan   -1.271      nan      nan    nan    nan    nan    nan   nan      nan      nan    nan    nan    nan -2.371   nan  -0.039    nan  -0.078    nan -0.078   nan  wukong3_116363589_lesspayne_norm_EQW_params_synt
  607.0   C-N   1  1  5.456    nan    nan    5.456      nan      nan    nan    nan    nan    nan   nan      nan      nan    nan    nan    nan -2.374   nan  -0.042    nan  -0.080    nan -0.042   nan  wukong3_116363589_lesspayne_norm_EQW_params_synt
   11.0  Na I   2  0  3.707  0.055  0.039    3.696    0.054    0.159  0.118 -0.146 -0.051 -0.026 0.196    0.116   -0.140 -0.051 -0.026  0.191 -2.544 0.198   0.341  0.196   0.332  0.380  0.341 0.196  wukong4_150174705_lesspayne_norm_EQW_params_synt
   12.0  Mg I   5  0  5.228  0.084  0.038    5.200    0.046    0.083  0.124 -0.125 -0.015  0.006 0.177    0.094   -0.054 -0.011  0.005  0.109 -2.400 0.118   0.485  0.148   0.477  0.295  0.485 0.148  wukong4_150174705_lesspayne_norm_EQW_params_synt
   13.0  Al I   1  0  2.797  0.000  0.000    2.797    0.000    0.433  0.148 -0.010 -0.063  0.000 0.161    0.148   -0.010 -0.063  0.000  0.161 -3.653 0.161  -0.768  0.137  -0.777  0.279 -0.768 0.137  wukong4_150174705_lesspayne_norm_EQW_params_synt
   14.0  Si I   1  0  5.251  0.000  0.000    5.251    0.000    0.437  0.253 -0.281 -0.016  0.032 0.380    0.253   -0.281 -0.016  0.032  0.380 -2.259 0.380   0.626  0.324   0.618  0.543  0.626 0.324  wukong4_150174705_lesspayne_norm_EQW_params_synt
   20.0  Ca I  11  0  3.982  0.124  0.038    3.983    0.124    0.045  0.083 -0.015 -0.014  0.005 0.086    0.083   -0.015 -0.013  0.005  0.085 -2.357 0.150   0.528  0.185   0.519  0.285  0.528 0.185  wukong4_150174705_lesspayne_norm_EQW_params_synt
   21.1 Sc II   5  0  0.083  0.072  0.032    0.085    0.066    0.146  0.006  0.228 -0.016  0.000 0.229    0.021    0.218 -0.013  0.005  0.220 -3.065 0.230  -0.180  0.293  -0.189  0.157 -0.180 0.293  wukong4_150174705_lesspayne_norm_EQW_params_synt
   22.0  Ti I   9  0  2.527  0.366  0.122    2.536    0.354    0.065  0.140 -0.001 -0.008  0.017 0.141    0.139   -0.001 -0.007  0.017  0.140 -2.414 0.381   0.471  0.377   0.462  0.442  0.471 0.377  wukong4_150174705_lesspayne_norm_EQW_params_synt
   22.1 Ti II  20  0  2.322  0.179  0.040    2.323    0.174    0.053  0.066  0.182 -0.024  0.021 0.196    0.066    0.182 -0.024  0.021  0.196 -2.627 0.262   0.258  0.297   0.249  0.227  0.258 0.297  wukong4_150174705_lesspayne_norm_EQW_params_synt
   24.0  Cr I   2  0  2.644  0.202  0.142    2.652    0.201    0.127  0.131 -0.009 -0.013  0.011 0.133    0.131   -0.009 -0.013  0.011  0.133 -2.988 0.241  -0.103  0.239  -0.112  0.334 -0.103 0.239  wukong4_150174705_lesspayne_norm_EQW_params_synt
   25.0  Mn I   2  0  2.317  0.061  0.043    2.317    0.061    0.183  0.105  0.013  0.006  0.013 0.107    0.105    0.013  0.006  0.013  0.107 -3.113 0.123  -0.228  0.149  -0.237  0.249 -0.228 0.149  wukong4_150174705_lesspayne_norm_EQW_params_synt
   26.0  Fe I  75  0  4.614  0.139  0.016    4.615    0.129    0.022  0.137 -0.017 -0.028  0.007 0.141    0.130   -0.011 -0.022  0.009  0.132 -2.885 0.185   0.000  0.000  -0.009  0.297  0.000 0.000  wukong4_150174705_lesspayne_norm_EQW_params_synt
   26.1 Fe II  10  0  4.628  0.144  0.045    4.624    0.139    0.074  0.027  0.194 -0.014  0.018 0.197    0.027    0.193 -0.015  0.018  0.196 -2.876 0.241   0.009  0.297   0.000  0.000  0.009 0.297  wukong4_150174705_lesspayne_norm_EQW_params_synt
   27.0  Co I   2  0  2.200  0.011  0.008    2.201    0.011    0.155  0.160  0.024  0.001  0.006 0.162    0.158    0.022 -0.001  0.005  0.159 -2.789 0.160   0.096  0.138   0.088  0.257  0.096 0.138  wukong4_150174705_lesspayne_norm_EQW_params_synt
   28.0  Ni I   2  0  3.391  0.046  0.033    3.397    0.046    0.117  0.111  0.008 -0.010  0.011 0.112    0.108    0.009 -0.009  0.011  0.109 -2.823 0.119   0.062  0.140   0.053  0.249  0.062 0.140  wukong4_150174705_lesspayne_norm_EQW_params_synt
   38.1 Sr II   1  0  0.834  0.000  0.000    0.834    0.000    0.220  0.047  0.063 -0.142 -0.065 0.175    0.047    0.063 -0.142 -0.065  0.175 -2.036 0.175   0.849  0.221   0.840  0.245  0.849 0.221  wukong4_150174705_lesspayne_norm_EQW_params_synt
   39.1  Y II   3  0 -0.217  0.056  0.033   -0.211    0.055    0.148  0.067  0.186 -0.004  0.025 0.199    0.064    0.187 -0.003  0.025  0.200 -2.421 0.207   0.464  0.253   0.455  0.155  0.464 0.253  wukong4_150174705_lesspayne_norm_EQW_params_synt
   40.1 Zr II   1  0  0.669  0.000  0.000    0.669    0.000    0.299  0.001  0.267 -0.010  0.005 0.268    0.001    0.267 -0.010  0.005  0.268 -1.911 0.268   0.974  0.333   0.966  0.161  0.974 0.333  wukong4_150174705_lesspayne_norm_EQW_params_synt
   56.1 Ba II   4  0 -0.575  0.104  0.052   -0.587    0.110    0.140  0.069  0.148 -0.028  0.003 0.166    0.068    0.144 -0.030 -0.001  0.162 -2.767 0.196   0.118  0.238   0.110  0.190  0.118 0.238  wukong4_150174705_lesspayne_norm_EQW_params_synt
  106.0   C-H   2  0  6.282  0.005  0.004    6.282    0.005    0.238  0.263 -0.175  0.002  0.056 0.321    0.263   -0.175  0.002  0.056  0.321 -2.148 0.321   0.737  0.253   0.728  0.461  0.737 0.253  wukong4_150174705_lesspayne_norm_EQW_params_synt
    8.0   O I   1  1  8.294    nan    nan    8.294      nan      nan    nan    nan    nan    nan   nan      nan      nan    nan    nan    nan -0.396   nan   2.489    nan   2.480    nan  2.489   nan  wukong4_150174705_lesspayne_norm_EQW_params_synt
   23.0   V I   2  1  1.591    nan    nan    1.591      nan      nan    nan    nan    nan    nan   nan      nan      nan    nan    nan    nan -2.339   nan   0.546    nan   0.537    nan  0.546   nan  wukong4_150174705_lesspayne_norm_EQW_params_synt
   23.1  V II   2  1  2.098    nan    nan    2.098      nan      nan    nan    nan    nan    nan   nan      nan      nan    nan    nan    nan -1.832   nan   1.053    nan   1.044    nan  1.044   nan  wukong4_150174705_lesspayne_norm_EQW_params_synt
   57.1 La II   1  1 -0.500    nan    nan   -0.500      nan      nan    nan    nan    nan    nan   nan      nan      nan    nan    nan    nan -1.600   nan   1.285    nan   1.276    nan  1.276   nan  wukong4_150174705_lesspayne_norm_EQW_params_synt
   63.1 Eu II   1  1 -1.397    nan    nan   -1.397      nan      nan    nan    nan    nan    nan   nan      nan      nan    nan    nan    nan -1.917   nan   0.968    nan   0.959    nan  0.959   nan  wukong4_150174705_lesspayne_norm_EQW_params_synt
  607.0   C-N   1  1  6.444    nan    nan    6.444      nan      nan    nan    nan    nan    nan   nan      nan      nan    nan    nan    nan -1.386   nan   1.499    nan   1.490    nan  1.499   nan  wukong4_150174705_lesspayne_norm_EQW_params_synt
   11.0  Na I   2  0  4.508  0.046  0.032    4.503    0.045    0.216  0.163 -0.234 -0.029 -0.011 0.287    0.163   -0.232 -0.029 -0.011  0.285 -1.737 0.289   0.686  0.282   0.609  0.470  0.686 0.282  wukong5_159416852_lesspayne_norm_EQW_params_synt
   12.0  Mg I   6  0  5.545  0.110  0.045    5.577    0.103    0.085  0.120 -0.140 -0.024 -0.009 0.186    0.101   -0.099 -0.023 -0.012  0.143 -2.023 0.176   0.401  0.237   0.323  0.344  0.401 0.237  wukong5_159416852_lesspayne_norm_EQW_params_synt
   13.0  Al I   1  0  3.889  0.000  0.000    3.889    0.000    0.438  0.150 -0.268 -0.039 -0.007 0.310    0.150   -0.268 -0.039 -0.007  0.310 -2.561 0.310  -0.138  0.302  -0.215  0.494 -0.138 0.302  wukong5_159416852_lesspayne_norm_EQW_params_synt
   14.0  Si I   2  0  5.594  0.355  0.251    5.762    0.313    0.175  0.156 -0.121 -0.036 -0.008 0.200    0.144   -0.090 -0.048 -0.014  0.177 -1.748 0.359   0.675  0.377   0.597  0.462  0.675 0.377  wukong5_159416852_lesspayne_norm_EQW_params_synt
   19.0   K I   1  0  3.284  0.000  0.000    3.284    0.000    0.166  0.113 -0.043 -0.029 -0.025 0.127    0.113   -0.043 -0.029 -0.025  0.127 -1.746 0.127   0.677  0.206   0.600  0.291  0.677 0.206  wukong5_159416852_lesspayne_norm_EQW_params_synt
   20.0  Ca I  24  0  4.257  0.135  0.027    4.245    0.132    0.032  0.090 -0.052 -0.026 -0.017 0.108    0.087   -0.045 -0.021 -0.016  0.102 -2.095 0.166   0.328  0.248   0.250  0.310  0.328 0.248  wukong5_159416852_lesspayne_norm_EQW_params_synt
   21.1 Sc II   8  0  1.011  0.240  0.085    0.975    0.228    0.111 -0.019  0.181 -0.062 -0.001 0.192   -0.011    0.166 -0.054  0.005  0.175 -2.175 0.288   0.248  0.400   0.171  0.261  0.248 0.400  wukong5_159416852_lesspayne_norm_EQW_params_synt
   22.0  Ti I  35  0  2.698  0.219  0.037    2.674    0.199    0.035  0.151 -0.048 -0.023 -0.024 0.162    0.148   -0.045 -0.018 -0.022  0.157 -2.276 0.254   0.147  0.287   0.070  0.367  0.147 0.287  wukong5_159416852_lesspayne_norm_EQW_params_synt
   22.1 Ti II  55  0  3.034  0.162  0.022    3.030    0.160    0.029  0.021  0.159 -0.040  0.034 0.169    0.021    0.158 -0.040  0.034  0.168 -1.920 0.232   0.503  0.353   0.426  0.206  0.503 0.353  wukong5_159416852_lesspayne_norm_EQW_params_synt
   23.0   V I   2  0  1.216  0.038  0.027    1.206    0.037    0.129  0.126  0.045 -0.003 -0.050 0.143    0.117    0.039 -0.002 -0.053  0.134 -2.724 0.139  -0.301  0.230  -0.378  0.249 -0.301 0.230  wukong5_159416852_lesspayne_norm_EQW_params_synt
   23.1  V II   2  0  1.817  0.169  0.119    1.805    0.168    0.180 -0.032  0.185 -0.006  0.018 0.189   -0.030    0.186 -0.005  0.017  0.189 -2.125 0.253   0.298  0.390   0.221  0.209  0.298 0.390  wukong5_159416852_lesspayne_norm_EQW_params_synt
   24.0  Cr I  16  0  2.995  0.115  0.029    2.989    0.116    0.049  0.144 -0.046 -0.020 -0.022 0.154    0.144   -0.044 -0.018 -0.021  0.153 -2.651 0.192  -0.228  0.237  -0.305  0.327 -0.228 0.237  wukong5_159416852_lesspayne_norm_EQW_params_synt
   24.1 Cr II   4  0  3.234  0.100  0.050    3.234    0.101    0.111 -0.029  0.182 -0.007  0.022 0.186   -0.029    0.182 -0.007  0.022  0.186 -2.406 0.212   0.017  0.364  -0.061  0.160  0.017 0.364  wukong5_159416852_lesspayne_norm_EQW_params_synt
   25.0  Mn I   6  0  2.440  0.051  0.021    2.441    0.052    0.101  0.107 -0.045 -0.002 -0.010 0.117    0.107   -0.046 -0.002 -0.010  0.116 -2.989 0.128  -0.566  0.216  -0.644  0.293 -0.566 0.216  wukong5_159416852_lesspayne_norm_EQW_params_synt
   26.0  Fe I 144  0  5.151  0.232  0.019    5.077    0.205    0.017  0.145 -0.064 -0.050 -0.031 0.169    0.128   -0.048 -0.036 -0.023  0.143 -2.423 0.250   0.000  0.000  -0.077  0.364  0.000 0.000  wukong5_159416852_lesspayne_norm_EQW_params_synt
   26.1 Fe II  23  0  5.152  0.123  0.026    5.154    0.121    0.047 -0.018  0.180 -0.028  0.033 0.186   -0.018    0.179 -0.029  0.033  0.185 -2.346 0.221   0.077  0.364   0.000  0.000  0.077 0.364  wukong5_159416852_lesspayne_norm_EQW_params_synt
   27.0  Co I   4  0  2.440  0.144  0.072    2.440    0.141    0.115  0.169 -0.029 -0.027 -0.032 0.176    0.160   -0.031 -0.028 -0.032  0.169 -2.550 0.220  -0.127  0.252  -0.204  0.338 -0.127 0.252  wukong5_159416852_lesspayne_norm_EQW_params_synt
   28.0  Ni I  19  0  3.691  0.099  0.023    3.679    0.100    0.039  0.120 -0.020 -0.011 -0.011 0.123    0.112   -0.014 -0.008 -0.010  0.114 -2.541 0.152  -0.117  0.233  -0.195  0.285 -0.117 0.233  wukong5_159416852_lesspayne_norm_EQW_params_synt
   30.0  Zn I   2  0  2.219  0.042  0.030    2.217    0.042    0.114  0.025  0.110 -0.007  0.020 0.115    0.025    0.111 -0.008  0.021  0.115 -2.343 0.123   0.080  0.287   0.003  0.153  0.080 0.287  wukong5_159416852_lesspayne_norm_EQW_params_synt
   38.1 Sr II   2  0  0.495  0.079  0.056    0.518    0.076    0.127  0.095  0.049 -0.040  0.043 0.122    0.093    0.036 -0.042  0.037  0.115 -2.352 0.138   0.071  0.244  -0.006  0.231  0.071 0.244  wukong5_159416852_lesspayne_norm_EQW_params_synt
   39.1  Y II   3  0 -0.404  0.074  0.043   -0.406    0.074    0.136  0.026  0.184 -0.012  0.041 0.191    0.027    0.184 -0.012  0.041  0.191 -2.616 0.205  -0.193  0.341  -0.271  0.149 -0.193 0.341  wukong5_159416852_lesspayne_norm_EQW_params_synt
   40.1 Zr II   1  0  0.239  0.000  0.000    0.239    0.000    0.242  0.000  0.206 -0.006  0.029 0.208    0.000    0.206 -0.006  0.029  0.208 -2.341 0.208   0.082  0.356   0.005  0.127  0.082 0.356  wukong5_159416852_lesspayne_norm_EQW_params_synt
   56.1 Ba II   4  0 -0.420  0.065  0.032   -0.418    0.064    0.143  0.041  0.150 -0.054  0.038 0.169    0.042    0.149 -0.055  0.038  0.168 -2.598 0.180  -0.175  0.310  -0.252  0.154 -0.175 0.310  wukong5_159416852_lesspayne_norm_EQW_params_synt
   57.1 La II   6  0 -1.415  0.140  0.057   -1.402    0.145    0.095  0.020  0.172  0.001  0.043 0.178    0.025    0.167  0.001  0.044  0.175 -2.502 0.228  -0.079  0.355  -0.156  0.197 -0.079 0.355  wukong5_159416852_lesspayne_norm_EQW_params_synt
   63.1 Eu II   2  0 -1.855  0.006  0.004   -1.856    0.006    0.163  0.027  0.194  0.001  0.043 0.200    0.027    0.193  0.001  0.042  0.199 -2.376 0.199   0.047  0.340  -0.030  0.133  0.047 0.340  wukong5_159416852_lesspayne_norm_EQW_params_synt
   66.1 Dy II   1  0 -0.907  0.000  0.000   -0.907    0.000    0.281 -0.000  0.218  0.005  0.042 0.222   -0.000    0.218  0.005  0.042  0.222 -2.007 0.222   0.416  0.367   0.338  0.133  0.416 0.367  wukong5_159416852_lesspayne_norm_EQW_params_synt
  106.0   C-H   2  0  5.653  0.016  0.011    5.655    0.015    0.187  0.178 -0.127  0.001  0.111 0.246    0.176   -0.126  0.001  0.111  0.243 -2.775 0.244  -0.352  0.264  -0.429  0.390 -0.352 0.264  wukong5_159416852_lesspayne_norm_EQW_params_synt
  607.0   C-N   1  0  6.027  0.000  0.000    6.027    0.000    0.407  0.240 -0.077  0.001  0.107 0.273    0.240   -0.077  0.001  0.107  0.273 -1.803 0.273   0.621  0.271   0.543  0.391  0.621 0.271  wukong5_159416852_lesspayne_norm_EQW_params_synt
    8.0   O I   1  1  7.262    nan    nan    7.262      nan      nan    nan    nan    nan    nan   nan      nan      nan    nan    nan    nan -1.428   nan   0.995    nan   0.918    nan  0.995   nan  wukong5_159416852_lesspayne_norm_EQW_params_synt
   11.0  Na I   2  0  2.597  0.018  0.013    2.596    0.018    0.123  0.130 -0.022 -0.018  0.003 0.134    0.130   -0.021 -0.018  0.003  0.133 -3.644 0.135  -0.064  0.116  -0.093  0.293 -0.064 0.116  wukong6_160599956_lesspayne_norm_EQW_params_synt
   12.0  Mg I   4  0  4.424  0.141  0.071    4.444    0.134    0.096  0.121 -0.089 -0.020  0.003 0.152    0.090   -0.023 -0.010  0.002  0.093 -3.156 0.163   0.424  0.187   0.395  0.312  0.424 0.187  wukong6_160599956_lesspayne_norm_EQW_params_synt
   13.0  Al I   1  0  2.103  0.000  0.000    2.103    0.000    0.374  0.142 -0.001 -0.017  0.005 0.143    0.142   -0.001 -0.017  0.005  0.143 -4.347 0.143  -0.768  0.109  -0.796  0.281 -0.768 0.109  wukong6_160599956_lesspayne_norm_EQW_params_synt
   14.0  Si I   1  0  4.059  0.000  0.000    4.059    0.000    0.326  0.198 -0.071 -0.054  0.008 0.218    0.198   -0.071 -0.054  0.008  0.218 -3.451 0.218   0.129  0.143   0.100  0.362  0.129 0.143  wukong6_160599956_lesspayne_norm_EQW_params_synt
   20.0  Ca I   4  0  3.154  0.157  0.078    3.139    0.149    0.089  0.099  0.011 -0.003  0.001 0.100    0.099    0.010 -0.004  0.001  0.100 -3.201 0.179   0.379  0.193   0.350  0.298  0.379 0.193  wukong6_160599956_lesspayne_norm_EQW_params_synt
   21.1 Sc II   1  0 -0.264  0.000  0.000   -0.264    0.000    0.314  0.072  0.196 -0.017  0.001 0.210    0.072    0.196 -0.017  0.001  0.210 -3.414 0.210   0.166  0.234   0.137  0.153  0.166 0.234  wukong6_160599956_lesspayne_norm_EQW_params_synt
   22.0  Ti I   2  0  1.942  0.245  0.173    1.952    0.245    0.153  0.161  0.013 -0.003  0.004 0.162    0.161    0.013 -0.003  0.003  0.162 -2.998 0.293   0.582  0.268   0.553  0.371  0.582 0.268  wukong6_160599956_lesspayne_norm_EQW_params_synt
   22.1 Ti II   9  0  1.712  0.144  0.048    1.718    0.139    0.081  0.075  0.198 -0.016  0.005 0.213    0.075    0.198 -0.016  0.005  0.213 -3.232 0.254   0.348  0.273   0.319  0.207  0.348 0.273  wukong6_160599956_lesspayne_norm_EQW_params_synt
   24.0  Cr I   1  0  1.908  0.000  0.000    1.908    0.000    0.213  0.149  0.008 -0.006  0.003 0.149    0.149    0.008 -0.006  0.003  0.149 -3.732 0.149  -0.152  0.110  -0.181  0.277 -0.152 0.110  wukong6_160599956_lesspayne_norm_EQW_params_synt
   25.0  Mn I   1  0  1.234  0.000  0.000    1.234    0.000    0.310  0.185  0.011 -0.008  0.001 0.185    0.185    0.011 -0.008  0.001  0.185 -4.196 0.185  -0.616  0.113  -0.645  0.292 -0.616 0.113  wukong6_160599956_lesspayne_norm_EQW_params_synt
   26.0  Fe I  27  0  3.922  0.112  0.022    3.920    0.108    0.040  0.161  0.003 -0.025  0.004 0.163    0.155    0.006 -0.022  0.003  0.157 -3.580 0.191   0.000  0.000  -0.029  0.302  0.000 0.000  wukong6_160599956_lesspayne_norm_EQW_params_synt
   26.1 Fe II   2  0  3.941  0.146  0.103    3.949    0.145    0.184  0.028  0.210 -0.009  0.003 0.213    0.029    0.211 -0.009  0.003  0.213 -3.551 0.258   0.029  0.302   0.000  0.000  0.029 0.302  wukong6_160599956_lesspayne_norm_EQW_params_synt
   28.0  Ni I   1  0  2.716  0.000  0.000    2.716    0.000    0.273  0.184 -0.004 -0.060  0.004 0.194    0.184   -0.004 -0.060  0.004  0.194 -3.504 0.194   0.076  0.119   0.047  0.307  0.076 0.119  wukong6_160599956_lesspayne_norm_EQW_params_synt
  106.0   C-H   2  0  5.128  0.046  0.032    5.133    0.046    0.250  0.271 -0.188  0.013  0.019 0.331    0.267   -0.189  0.013  0.019  0.328 -3.297 0.331   0.282  0.256   0.254  0.490  0.282 0.256  wukong6_160599956_lesspayne_norm_EQW_params_synt
    8.0   O I   1  1  8.704    nan    nan    8.704      nan      nan    nan    nan    nan    nan   nan      nan      nan    nan    nan    nan  0.014   nan   3.594    nan   3.565    nan  3.594   nan  wukong6_160599956_lesspayne_norm_EQW_params_synt
   23.0   V I   1  1  1.343    nan    nan    1.343      nan      nan    nan    nan    nan    nan   nan      nan      nan    nan    nan    nan -2.587   nan   0.993    nan   0.964    nan  0.993   nan  wukong6_160599956_lesspayne_norm_EQW_params_synt
   27.0  Co I   1  1  1.983    nan    nan    1.983      nan      nan    nan    nan    nan    nan   nan      nan      nan    nan    nan    nan -3.007   nan   0.573    nan   0.544    nan  0.573   nan  wukong6_160599956_lesspayne_norm_EQW_params_synt
   38.1 Sr II   1  1 -1.589    nan    nan   -1.589      nan      nan    nan    nan    nan    nan   nan      nan      nan    nan    nan    nan -4.459   nan  -0.879    nan  -0.908    nan -0.908   nan  wukong6_160599956_lesspayne_norm_EQW_params_synt
   56.1 Ba II   1  1 -1.943    nan    nan   -1.943      nan      nan    nan    nan    nan    nan   nan      nan      nan    nan    nan    nan -4.123   nan  -0.543    nan  -0.572    nan -0.572   nan  wukong6_160599956_lesspayne_norm_EQW_params_synt
   63.1 Eu II   1  1 -1.637    nan    nan   -1.637      nan      nan    nan    nan    nan    nan   nan      nan      nan    nan    nan    nan -2.157   nan   1.423    nan   1.394    nan  1.394   nan  wukong6_160599956_lesspayne_norm_EQW_params_synt
  607.0   C-N   1  1  6.646    nan    nan    6.646      nan      nan    nan    nan    nan    nan   nan      nan      nan    nan    nan    nan -1.184   nan   2.396    nan   2.367    nan  2.396   nan  wukong6_160599956_lesspayne_norm_EQW_params_synt
   11.0  Na I   2  0  3.488  0.091  0.064    3.469    0.089    0.197  0.175 -0.166 -0.049  0.006 0.246    0.172   -0.157 -0.049  0.006  0.238 -2.771 0.254   0.182  0.288   0.235  0.502  0.182 0.288  wukong7_160989833_lesspayne_norm_EQW_params_synt
   12.0  Mg I   4  0  4.995  0.052  0.026    4.968    0.028    0.112  0.153 -0.175 -0.015  0.006 0.233    0.100   -0.060 -0.010  0.005  0.117 -2.632 0.121   0.321  0.267   0.374  0.407  0.321 0.267  wukong7_160989833_lesspayne_norm_EQW_params_synt
   13.0  Al I   1  0  2.800  0.000  0.000    2.800    0.000    0.528  0.198 -0.092 -0.057  0.008 0.226    0.198   -0.092 -0.057  0.008  0.226 -3.650 0.226  -0.697  0.255  -0.644  0.457 -0.697 0.255  wukong7_160989833_lesspayne_norm_EQW_params_synt
   14.0  Si I   1  0  5.132  0.000  0.000    5.132    0.000    0.486  0.299 -0.273 -0.014  0.005 0.405    0.299   -0.273 -0.014  0.005  0.405 -2.378 0.405   0.576  0.359   0.628  0.629  0.576 0.359  wukong7_160989833_lesspayne_norm_EQW_params_synt
   20.0  Ca I  10  0  3.692  0.218  0.069    3.685    0.222    0.056  0.112 -0.020 -0.013  0.005 0.115    0.112   -0.020 -0.013  0.005  0.114 -2.655 0.249   0.298  0.343   0.351  0.441  0.298 0.343  wukong7_160989833_lesspayne_norm_EQW_params_synt
   21.1 Sc II   5  0  0.118  0.120  0.054    0.107    0.120    0.163  0.036  0.234 -0.029 -0.010 0.239    0.047    0.223 -0.024 -0.006  0.229 -3.043 0.259  -0.090  0.409  -0.037  0.314 -0.090 0.409  wukong7_160989833_lesspayne_norm_EQW_params_synt
   22.0  Ti I   2  0  2.259  0.143  0.101    2.237    0.141    0.178  0.186 -0.022 -0.027  0.006 0.189    0.184   -0.021 -0.024  0.006  0.187 -2.713 0.234   0.240  0.288   0.293  0.429  0.240 0.288  wukong7_160989833_lesspayne_norm_EQW_params_synt
   22.1 Ti II  13  0  2.246  0.278  0.077    2.264    0.273    0.075  0.079  0.177 -0.064  0.000 0.204    0.079    0.178 -0.062  0.000  0.204 -2.686 0.341   0.267  0.445   0.320  0.406  0.267 0.445  wukong7_160989833_lesspayne_norm_EQW_params_synt
   24.0  Cr I   1  0  2.230  0.000  0.000    2.230    0.000    0.240  0.175 -0.025 -0.023  0.008 0.178    0.175   -0.025 -0.023  0.008  0.178 -3.410 0.178  -0.457  0.251  -0.404  0.404 -0.457 0.251  wukong7_160989833_lesspayne_norm_EQW_params_synt
   25.0  Mn I   1  0  1.562  0.000  0.000    1.562    0.000    0.338  0.205 -0.002 -0.007 -0.007 0.206    0.205   -0.002 -0.007 -0.007  0.206 -3.868 0.206  -0.914  0.257  -0.862  0.404 -0.914 0.257  wukong7_160989833_lesspayne_norm_EQW_params_synt
   26.0  Fe I  48  0  4.623  0.277  0.040    4.547    0.250    0.038  0.197 -0.066 -0.053  0.006 0.214    0.182   -0.045 -0.040  0.006  0.192 -2.953 0.315   0.000  0.000   0.053  0.488  0.000 0.000  wukong7_160989833_lesspayne_norm_EQW_params_synt
   26.1 Fe II   7  0  4.504  0.291  0.110    4.494    0.289    0.099  0.023  0.213 -0.019  0.001 0.215    0.023    0.213 -0.019  0.001  0.215 -3.006 0.361  -0.053  0.488   0.000  0.000 -0.053 0.488  wukong7_160989833_lesspayne_norm_EQW_params_synt
   27.0  Co I   2  0  1.885  0.000  0.000    1.885    0.000    0.199  0.185 -0.005 -0.005 -0.003 0.185    0.185   -0.005 -0.005 -0.003  0.185 -3.105 0.185  -0.152  0.256  -0.099  0.397 -0.152 0.256  wukong7_160989833_lesspayne_norm_EQW_params_synt
   28.0  Ni I   1  0  3.073  0.000  0.000    3.073    0.000    0.240  0.169 -0.002 -0.019  0.007 0.170    0.169   -0.002 -0.019  0.007  0.170 -3.147 0.170  -0.194  0.255  -0.141  0.389 -0.194 0.255  wukong7_160989833_lesspayne_norm_EQW_params_synt
   38.1 Sr II   2  0  0.186  0.094  0.066    0.215    0.089    0.245  0.112  0.017 -0.099 -0.060 0.162    0.138    0.015 -0.089 -0.041  0.170 -2.655 0.192   0.299  0.284   0.351  0.388  0.299 0.284  wukong7_160989833_lesspayne_norm_EQW_params_synt
   56.1 Ba II   3  0 -0.454  0.077  0.044   -0.454    0.081    0.200  0.113  0.143 -0.065 -0.008 0.193    0.109    0.143 -0.067 -0.008  0.192 -2.634 0.209   0.319  0.333   0.372  0.324  0.319 0.333  wukong7_160989833_lesspayne_norm_EQW_params_synt
  106.0   C-H   2  0  5.746  0.028  0.020    5.747    0.028    0.288  0.331 -0.195  0.005  0.015 0.384    0.330   -0.195  0.005  0.015  0.384 -2.683 0.385   0.270  0.331   0.323  0.588  0.270 0.331  wukong7_160989833_lesspayne_norm_EQW_params_synt
    8.0   O I   1  1  8.855    nan    nan    8.855      nan      nan    nan    nan    nan    nan   nan      nan      nan    nan    nan    nan  0.165   nan   3.118    nan   3.171    nan  3.118   nan  wukong7_160989833_lesspayne_norm_EQW_params_synt
   23.0   V I   1  1  1.766    nan    nan    1.766      nan      nan    nan    nan    nan    nan   nan      nan      nan    nan    nan    nan -2.164   nan   0.790    nan   0.842    nan  0.790   nan  wukong7_160989833_lesspayne_norm_EQW_params_synt
   39.1  Y II   1  1  0.885    nan    nan    0.885      nan      nan    nan    nan    nan    nan   nan      nan      nan    nan    nan    nan -1.325   nan   1.628    nan   1.681    nan  1.681   nan  wukong7_160989833_lesspayne_norm_EQW_params_synt
   40.1 Zr II   1  1  0.751    nan    nan    0.751      nan      nan    nan    nan    nan    nan   nan      nan      nan    nan    nan    nan -1.829   nan   1.125    nan   1.177    nan  1.177   nan  wukong7_160989833_lesspayne_norm_EQW_params_synt
   57.1 La II   1  1  1.153    nan    nan    1.153      nan      nan    nan    nan    nan    nan   nan      nan      nan    nan    nan    nan  0.053   nan   3.006    nan   3.059    nan  3.059   nan  wukong7_160989833_lesspayne_norm_EQW_params_synt
   63.1 Eu II   1  1 -1.234    nan    nan   -1.234      nan      nan    nan    nan    nan    nan   nan      nan      nan    nan    nan    nan -1.754   nan   1.199    nan   1.252    nan  1.252   nan  wukong7_160989833_lesspayne_norm_EQW_params_synt
  607.0   C-N   1  1  6.283    nan    nan    6.283      nan      nan    nan    nan    nan    nan   nan      nan      nan    nan    nan    nan -1.547   nan   1.406    nan   1.459    nan  1.406   nan  wukong7_160989833_lesspayne_norm_EQW_params_synt
   11.0  Na I   2  0  4.463  0.017  0.012    4.465    0.016    0.193  0.140 -0.207 -0.034  0.010 0.252    0.140   -0.205 -0.034  0.009  0.250 -1.775 0.251   0.225  0.248   0.189  0.427  0.225 0.248  wukong8_161400139_lesspayne_norm_EQW_params_synt
   12.0  Mg I   6  0  5.846  0.106  0.043    5.865    0.096    0.079  0.109 -0.130 -0.015  0.011 0.171    0.091   -0.075 -0.015  0.004  0.119 -1.735 0.153   0.264  0.202   0.228  0.315  0.264 0.202  wukong8_161400139_lesspayne_norm_EQW_params_synt
   13.0  Al I   1  0  3.771  0.000  0.000    3.771    0.000    0.430  0.180 -0.196 -0.058  0.009 0.273    0.180   -0.196 -0.058  0.009  0.273 -2.679 0.273  -0.679  0.252  -0.716  0.433 -0.679 0.252  wukong8_161400139_lesspayne_norm_EQW_params_synt
   14.0  Si I   2  0  5.867  0.154  0.109    5.988    0.096    0.137  0.142 -0.144 -0.009  0.030 0.204    0.065   -0.012 -0.004  0.006  0.066 -1.522 0.116   0.478  0.202   0.441  0.262  0.478 0.202  wukong8_161400139_lesspayne_norm_EQW_params_synt
   20.0  Ca I  25  0  4.606  0.113  0.023    4.604    0.107    0.030  0.077 -0.037 -0.023 -0.001 0.088    0.075   -0.031 -0.020 -0.001  0.083 -1.736 0.136   0.264  0.204   0.227  0.281  0.264 0.204  wukong8_161400139_lesspayne_norm_EQW_params_synt
   21.1 Sc II   8  0  1.195  0.149  0.053    1.180    0.127    0.110  0.008  0.201 -0.036  0.002 0.204    0.015    0.193 -0.030  0.006  0.196 -1.970 0.233   0.030  0.319  -0.006  0.191  0.030 0.319  wukong8_161400139_lesspayne_norm_EQW_params_synt
   22.0  Ti I  25  0  3.212  0.334  0.067    3.169    0.296    0.037  0.122 -0.016 -0.019 -0.006 0.124    0.119   -0.013 -0.015 -0.006  0.121 -1.781 0.320   0.219  0.342   0.183  0.395  0.219 0.342  wukong8_161400139_lesspayne_norm_EQW_params_synt
   22.1 Ti II  51  0  3.269  0.169  0.024    3.275    0.173    0.031  0.047  0.167 -0.027  0.018 0.176    0.047    0.164 -0.029  0.018  0.174 -1.675 0.245   0.325  0.315   0.289  0.226  0.325 0.315  wukong8_161400139_lesspayne_norm_EQW_params_synt
   23.0   V I   2  0  1.790  0.043  0.031    1.795    0.043    0.115  0.067  0.071 -0.000 -0.033 0.103    0.066    0.070 -0.000 -0.033  0.101 -2.135 0.110  -0.135  0.208  -0.172  0.199 -0.135 0.208  wukong8_161400139_lesspayne_norm_EQW_params_synt
   23.1  V II   2  0  2.009  0.075  0.053    2.008    0.075    0.165  0.001  0.180  0.000  0.012 0.181    0.001    0.180  0.000  0.012  0.181 -1.922 0.196   0.078  0.300   0.041  0.164  0.078 0.300  wukong8_161400139_lesspayne_norm_EQW_params_synt
   24.0  Cr I  13  0  3.495  0.149  0.041    3.508    0.142    0.048  0.116 -0.012 -0.013 -0.006 0.118    0.116   -0.011 -0.012 -0.006  0.117 -2.132 0.184  -0.132  0.222  -0.169  0.295 -0.132 0.222  wukong8_161400139_lesspayne_norm_EQW_params_synt
   24.1 Cr II   5  0  3.732  0.166  0.074    3.724    0.162    0.099 -0.006  0.185 -0.007  0.009 0.186   -0.006    0.185 -0.007  0.009  0.186 -1.916 0.246   0.084  0.337   0.048  0.218  0.084 0.337  wukong8_161400139_lesspayne_norm_EQW_params_synt
   25.0  Mn I   6  0  2.961  0.052  0.021    2.963    0.051    0.100  0.073 -0.023 -0.004 -0.005 0.077    0.075   -0.021 -0.004 -0.005  0.078 -2.467 0.093  -0.468  0.182  -0.504  0.259 -0.468 0.182  wukong8_161400139_lesspayne_norm_EQW_params_synt
   26.0  Fe I 145  0  5.526  0.182  0.015    5.500    0.169    0.015  0.119 -0.040 -0.038 -0.005 0.131    0.109   -0.027 -0.029 -0.004  0.116 -2.000 0.205   0.000  0.000  -0.037  0.316  0.000 0.000  wukong8_161400139_lesspayne_norm_EQW_params_synt
   26.1 Fe II  22  0  5.536  0.141  0.030    5.537    0.142    0.048  0.014  0.178 -0.030  0.018 0.182    0.014    0.177 -0.032  0.018  0.181 -1.963 0.230   0.037  0.316   0.000  0.000  0.037 0.316  wukong8_161400139_lesspayne_norm_EQW_params_synt
   27.0  Co I   4  0  2.984  0.068  0.034    2.978    0.068    0.102  0.112 -0.003 -0.012 -0.012 0.113    0.116   -0.002 -0.014 -0.014  0.117 -2.012 0.136  -0.012  0.185  -0.049  0.262 -0.012 0.185  wukong8_161400139_lesspayne_norm_EQW_params_synt
   28.0  Ni I  14  0  4.181  0.174  0.046    4.182    0.180    0.046  0.094 -0.006 -0.017 -0.004 0.096    0.088    0.000 -0.012 -0.003  0.089 -2.038 0.201  -0.039  0.250  -0.075  0.300 -0.039 0.250  wukong8_161400139_lesspayne_norm_EQW_params_synt
   30.0  Zn I   2  0  2.513  0.108  0.076    2.513    0.107    0.112  0.051  0.090 -0.005  0.005 0.104    0.051    0.090 -0.005  0.005  0.104 -2.047 0.149  -0.047  0.241  -0.084  0.204 -0.047 0.241  wukong8_161400139_lesspayne_norm_EQW_params_synt
   38.1 Sr II   2  0  0.979  0.174  0.123    0.974    0.174    0.141  0.123  0.010 -0.045  0.030 0.135    0.122    0.011 -0.044  0.029  0.134 -1.896 0.219   0.103  0.249   0.067  0.300  0.103 0.249  wukong8_161400139_lesspayne_norm_EQW_params_synt
   39.1  Y II   3  0  0.243  0.119  0.069    0.225    0.111    0.134  0.037  0.176 -0.006  0.022 0.181    0.037    0.175 -0.006  0.020  0.180 -1.985 0.212   0.015  0.297  -0.021  0.184  0.015 0.297  wukong8_161400139_lesspayne_norm_EQW_params_synt
   40.1 Zr II   1  0  0.845  0.000  0.000    0.845    0.000    0.233  0.039  0.196 -0.007  0.014 0.200    0.039    0.196 -0.007  0.014  0.200 -1.735 0.200   0.265  0.290   0.228  0.147  0.265 0.290  wukong8_161400139_lesspayne_norm_EQW_params_synt
   56.1 Ba II   4  0  0.314  0.076  0.038    0.311    0.076    0.143  0.068  0.138 -0.065  0.022 0.168    0.068    0.136 -0.066  0.022  0.168 -1.869 0.184   0.131  0.254   0.094  0.178  0.131 0.254  wukong8_161400139_lesspayne_norm_EQW_params_synt
   57.1 La II   3  0 -0.777  0.097  0.056   -0.776    0.096    0.137  0.030  0.173 -0.002  0.017 0.176    0.030    0.172 -0.002  0.017  0.176 -1.876 0.200   0.124  0.291   0.088  0.175  0.124 0.291  wukong8_161400139_lesspayne_norm_EQW_params_synt
   63.1 Eu II   2  0 -0.916  0.010  0.007   -0.916    0.010    0.165  0.048  0.181 -0.007  0.013 0.188    0.048    0.182 -0.006  0.013  0.189 -1.436 0.189   0.564  0.277   0.527  0.148  0.564 0.277  wukong8_161400139_lesspayne_norm_EQW_params_synt
   66.1 Dy II   2  0 -0.036  0.028  0.020   -0.042    0.027    0.172  0.022  0.181 -0.012  0.017 0.183    0.026    0.175 -0.013  0.019  0.178 -1.142 0.180   0.858  0.279   0.822  0.146  0.858 0.279  wukong8_161400139_lesspayne_norm_EQW_params_synt
  106.0   C-H   2  0  6.529  0.007  0.005    6.528    0.007    0.196  0.204 -0.142  0.001  0.076 0.259    0.202   -0.140  0.001  0.076  0.257 -1.902 0.257   0.098  0.240   0.062  0.401  0.098 0.240  wukong8_161400139_lesspayne_norm_EQW_params_synt
  607.0   C-N   1  0  6.176  0.000  0.000    6.176    0.000    0.387  0.219 -0.034  0.005  0.064 0.231    0.219   -0.034  0.005  0.064  0.231 -1.654 0.231   0.346  0.216   0.309  0.332  0.346 0.216  wukong8_161400139_lesspayne_norm_EQW_params_synt
    8.0   O I   1  1  8.516    nan    nan    8.516      nan      nan    nan    nan    nan    nan   nan      nan      nan    nan    nan    nan -0.174   nan   1.826    nan   1.790    nan  1.826   nan  wukong8_161400139_lesspayne_norm_EQW_params_synt
   11.0  Na I   2  0  4.447  0.059  0.042    4.451    0.059    0.206  0.154 -0.221 -0.032 -0.005 0.272    0.154   -0.221 -0.032 -0.005  0.271 -1.789 0.278   0.257  0.258   0.206  0.454  0.257 0.258  wukong9_163002452_lesspayne_norm_EQW_params_synt
   12.0  Mg I   4  0  5.976  0.106  0.053    5.968    0.091    0.092  0.098 -0.079 -0.028 -0.003 0.129    0.089   -0.068 -0.023 -0.002  0.115 -1.632 0.147   0.415  0.193   0.363  0.312  0.415 0.193  wukong9_163002452_lesspayne_norm_EQW_params_synt
   13.0  Al I   1  0  4.162  0.000  0.000    4.162    0.000    0.451  0.179 -0.268 -0.033  0.031 0.325    0.179   -0.268 -0.033  0.031  0.325 -2.288 0.325  -0.242  0.294  -0.293  0.499 -0.242 0.294  wukong9_163002452_lesspayne_norm_EQW_params_synt
   14.0  Si I   4  0  6.120  0.176  0.088    6.130    0.171    0.090  0.072 -0.049 -0.021  0.002 0.090    0.067   -0.026 -0.017  0.003  0.074 -1.380 0.186   0.666  0.243   0.614  0.310  0.666 0.243  wukong9_163002452_lesspayne_norm_EQW_params_synt
   19.0   K I   2  0  3.870  0.026  0.019    3.867    0.026    0.126  0.104 -0.082 -0.045 -0.018 0.140    0.103   -0.079 -0.044 -0.018  0.138 -1.163 0.141   0.883  0.174   0.832  0.315  0.883 0.174  wukong9_163002452_lesspayne_norm_EQW_params_synt
   20.0  Ca I  23  0  4.710  0.117  0.024    4.703    0.113    0.034  0.084 -0.060 -0.031 -0.004 0.108    0.080   -0.047 -0.026 -0.003  0.097 -1.637 0.148   0.410  0.203   0.358  0.301  0.410 0.203  wukong9_163002452_lesspayne_norm_EQW_params_synt
   21.1 Sc II   8  0  1.400  0.259  0.092    1.354    0.235    0.113 -0.012  0.215 -0.066  0.005 0.225    0.007    0.184 -0.051  0.013  0.191 -1.796 0.303   0.250  0.378   0.199  0.277  0.250 0.378  wukong9_163002452_lesspayne_norm_EQW_params_synt
   22.0  Ti I  42  0  3.276  0.271  0.042    3.254    0.264    0.029  0.130 -0.029 -0.023 -0.001 0.135    0.127   -0.026 -0.018  0.001  0.131 -1.696 0.294   0.351  0.312   0.299  0.383  0.351 0.312  wukong9_163002452_lesspayne_norm_EQW_params_synt
   22.1 Ti II  52  0  3.338  0.163  0.023    3.336    0.157    0.031  0.048  0.169 -0.034  0.032 0.182    0.048    0.169 -0.034  0.032  0.182 -1.614 0.240   0.432  0.315   0.381  0.217  0.432 0.315  wukong9_163002452_lesspayne_norm_EQW_params_synt
   23.0   V I   2  0  1.876  0.054  0.038    1.885    0.053    0.107  0.053  0.054 -0.004 -0.034 0.083    0.048    0.049 -0.004 -0.036  0.078 -2.045 0.094   0.002  0.208  -0.050  0.217  0.002 0.208  wukong9_163002452_lesspayne_norm_EQW_params_synt
   23.1  V II   2  0  1.990  0.149  0.105    2.004    0.148    0.168  0.000  0.188 -0.001  0.019 0.189    0.000    0.188 -0.001  0.017  0.189 -1.926 0.240   0.120  0.338   0.069  0.210  0.120 0.338  wukong9_163002452_lesspayne_norm_EQW_params_synt
   24.0  Cr I  16  0  3.558  0.084  0.021    3.558    0.084    0.046  0.126 -0.029 -0.021 -0.001 0.131    0.126   -0.027 -0.019 -0.000  0.130 -2.082 0.155  -0.036  0.186  -0.087  0.291 -0.036 0.186  wukong9_163002452_lesspayne_norm_EQW_params_synt
   24.1 Cr II   4  0  3.637  0.044  0.022    3.637    0.044    0.110 -0.008  0.185 -0.010  0.022 0.186   -0.008    0.185 -0.010  0.022  0.186 -2.003 0.192   0.043  0.306  -0.008  0.154  0.043 0.306  wukong9_163002452_lesspayne_norm_EQW_params_synt
   25.0  Mn I   6  0  2.964  0.068  0.028    2.967    0.065    0.097  0.087 -0.029 -0.005 -0.004 0.092    0.086   -0.031 -0.005 -0.004  0.091 -2.463 0.112  -0.417  0.182  -0.468  0.277 -0.417 0.182  wukong9_163002452_lesspayne_norm_EQW_params_synt
   26.0  Fe I 134  0  5.478  0.176  0.015    5.454    0.165    0.016  0.126 -0.049 -0.043 -0.008 0.142    0.114   -0.036 -0.033 -0.003  0.124 -2.046 0.206   0.000  0.000  -0.051  0.326  0.000 0.000  wukong9_163002452_lesspayne_norm_EQW_params_synt
   26.1 Fe II  25  0  5.511  0.145  0.029    5.505    0.145    0.045  0.011  0.180 -0.027  0.029 0.184    0.011    0.180 -0.028  0.029  0.184 -1.995 0.234   0.051  0.326   0.000  0.000  0.051 0.326  wukong9_163002452_lesspayne_norm_EQW_params_synt
   27.0  Co I   4  0  3.063  0.282  0.141    3.096    0.282    0.094  0.096 -0.003 -0.005 -0.002 0.096    0.091   -0.000 -0.002  0.002  0.091 -1.894 0.296   0.152  0.330   0.101  0.374  0.152 0.330  wukong9_163002452_lesspayne_norm_EQW_params_synt
   28.0  Ni I  20  0  4.220  0.132  0.030    4.208    0.134    0.037  0.106 -0.013 -0.016  0.004 0.108    0.099   -0.006 -0.012  0.004  0.100 -2.012 0.167   0.034  0.216  -0.017  0.286  0.034 0.216  wukong9_163002452_lesspayne_norm_EQW_params_synt
   30.0  Zn I   2  0  2.617  0.064  0.045    2.620    0.063    0.114  0.044  0.105 -0.009  0.021 0.116    0.043    0.105 -0.010  0.020  0.116 -1.940 0.132   0.106  0.239   0.055  0.179  0.106 0.239  wukong9_163002452_lesspayne_norm_EQW_params_synt
   38.1 Sr II   1  0  1.124  0.000  0.000    1.124    0.000    0.159  0.081 -0.043 -0.040  0.033 0.105    0.081   -0.043 -0.040  0.033  0.105 -1.746 0.105   0.300  0.172   0.249  0.275  0.300 0.172  wukong9_163002452_lesspayne_norm_EQW_params_synt
   39.1  Y II   3  0  0.224  0.018  0.011    0.223    0.019    0.141  0.038  0.190 -0.015  0.037 0.198    0.038    0.190 -0.015  0.037  0.197 -1.987 0.198   0.059  0.294   0.008  0.149  0.059 0.294  wukong9_163002452_lesspayne_norm_EQW_params_synt
   40.1 Zr II   1  0  0.941  0.000  0.000    0.941    0.000    0.272 -0.005  0.238 -0.017  0.010 0.239   -0.005    0.238 -0.017  0.010  0.239 -1.639 0.239   0.407  0.342   0.355  0.158  0.407 0.342  wukong9_163002452_lesspayne_norm_EQW_params_synt
   56.1 Ba II   4  0  0.387  0.069  0.035    0.383    0.067    0.137  0.079  0.107 -0.054  0.022 0.145    0.080    0.103 -0.055  0.021  0.143 -1.797 0.158   0.249  0.231   0.198  0.192  0.249 0.231  wukong9_163002452_lesspayne_norm_EQW_params_synt
   57.1 La II   6  0 -0.550  0.052  0.021   -0.547    0.049    0.099  0.064  0.174 -0.003  0.043 0.190    0.065    0.173 -0.002  0.043  0.190 -1.647 0.196   0.399  0.281   0.348  0.165  0.399 0.281  wukong9_163002452_lesspayne_norm_EQW_params_synt
   63.1 Eu II   3  0 -0.980  0.010  0.006   -0.981    0.010    0.147  0.086  0.172 -0.003  0.037 0.196    0.084    0.176 -0.002  0.037  0.198 -1.501 0.198   0.545  0.275   0.494  0.165  0.545 0.275  wukong9_163002452_lesspayne_norm_EQW_params_synt
   66.1 Dy II   1  0 -0.002  0.000  0.000   -0.002    0.000    0.297  0.000  0.212 -0.023 -0.022 0.215    0.000    0.212 -0.023 -0.022  0.215 -1.102 0.215   0.944  0.320   0.893  0.157  0.944 0.320  wukong9_163002452_lesspayne_norm_EQW_params_synt
  106.0   C-H   2  0  6.331  0.003  0.002    6.331    0.003    0.210  0.228 -0.125  0.006  0.099 0.278    0.228   -0.124  0.007  0.099  0.278 -2.099 0.278  -0.052  0.245  -0.104  0.408 -0.052 0.245  wukong9_163002452_lesspayne_norm_EQW_params_synt
  607.0   C-N   1  0  5.892  0.000  0.000    5.892    0.000    0.405  0.249 -0.046  0.004  0.085 0.267    0.249   -0.046  0.004  0.085  0.267 -1.938 0.267   0.108  0.234   0.057  0.364  0.108 0.234  wukong9_163002452_lesspayne_norm_EQW_params_synt
    8.0   O I   1  1  8.350    nan    nan    8.350      nan      nan    nan    nan    nan    nan   nan      nan      nan    nan    nan    nan -0.340   nan   1.706    nan   1.655    nan  1.706   nan  wukong9_163002452_lesspayne_norm_EQW_params_synt
