species  elem   N ul logeps e_stat stderr logeps_w e_stat_w stderr_w e_Teff e_logg   e_vt   e_MH  e_sp e_Teff_w e_logg_w e_vt_w e_MH_w e_sp_w  [X/H]  e_XH [X/Fe1] e_XFe1 [X/Fe2] e_XFe2 [X/Fe] e_XFe
------- ----- --- -- ------ ------ ------ -------- -------- -------- ------ ------ ------ ------ ----- -------- -------- ------ ------ ------ ------ ----- ------- ------ ------- ------ ------ -----
   11.0  Na I   2  0  4.016  0.026  0.018    4.017    0.025    0.189  0.164 -0.171 -0.051 -0.011 0.243    0.164   -0.170 -0.051 -0.011  0.242 -2.223 0.244   0.110  0.235   0.071  0.423  0.110 0.235
   12.0  Mg I   6  0  5.490  0.057  0.023    5.489    0.063    0.079  0.117 -0.123 -0.018  0.004 0.171    0.095   -0.074 -0.017 -0.001  0.122 -2.111 0.137   0.222  0.202   0.183  0.325  0.222 0.202
   13.0  Al I   1  0  3.522  0.000  0.000    3.522    0.000    0.439  0.067 -0.274 -0.068 -0.000 0.290    0.067   -0.274 -0.068 -0.000  0.290 -2.928 0.290  -0.595  0.308  -0.634  0.490 -0.595 0.308
   14.0  Si I   3  0  5.769  0.206  0.119    5.867    0.140    0.111  0.117 -0.084 -0.030  0.004 0.147    0.087   -0.026 -0.022 -0.000  0.093 -1.643 0.168   0.690  0.236   0.651  0.312  0.690 0.236
   20.0  Ca I  20  0  4.263  0.112  0.025    4.256    0.115    0.035  0.085 -0.040 -0.023 -0.006 0.096    0.082   -0.036 -0.021 -0.006  0.092 -2.084 0.147   0.248  0.222   0.209  0.308  0.248 0.222
   21.1 Sc II   8  0  0.925  0.105  0.037    0.893    0.092    0.119 -0.000  0.227 -0.046  0.012 0.232    0.012    0.206 -0.035  0.021  0.210 -2.257 0.229   0.076  0.339   0.037  0.191  0.076 0.339
   22.0  Ti I  23  0  2.744  0.154  0.032    2.730    0.140    0.040  0.135 -0.032 -0.020 -0.017 0.141    0.132   -0.031 -0.017 -0.016  0.137 -2.220 0.197   0.113  0.234   0.074  0.332  0.113 0.234
   22.1 Ti II  46  0  2.937  0.173  0.025    2.941    0.165    0.033  0.041  0.168 -0.034  0.039 0.180    0.041    0.167 -0.033  0.039  0.180 -2.009 0.244   0.323  0.335   0.284  0.236  0.323 0.335
   23.0   V I   2  0  1.185  0.012  0.009    1.186    0.012    0.136  0.037  0.100  0.003 -0.065 0.125    0.036    0.098  0.003 -0.065  0.123 -2.744 0.124  -0.412  0.253  -0.451  0.216 -0.412 0.253
   23.1  V II   2  0  1.835  0.061  0.043    1.833    0.061    0.184 -0.002  0.187 -0.008  0.020 0.188   -0.002    0.187 -0.008  0.019  0.188 -2.097 0.198   0.235  0.324   0.197  0.178  0.235 0.324
   24.0  Cr I  13  0  3.078  0.127  0.035    3.087    0.123    0.049  0.124 -0.030 -0.016 -0.015 0.130    0.123   -0.029 -0.014 -0.014  0.128 -2.553 0.178  -0.220  0.224  -0.259  0.320 -0.220 0.224
   24.1 Cr II   3  0  3.338  0.184  0.106    3.334    0.185    0.128 -0.014  0.184 -0.009  0.026 0.186   -0.014    0.184 -0.009  0.026  0.186 -2.306 0.263   0.026  0.371  -0.013  0.250  0.026 0.371
   25.0  Mn I   6  0  2.721  0.056  0.023    2.722    0.058    0.099  0.088 -0.032 -0.004 -0.010 0.095    0.087   -0.034 -0.004 -0.009  0.094 -2.708 0.110  -0.376  0.200  -0.415  0.293 -0.376 0.200
   26.0  Fe I 135  0  5.216  0.201  0.017    5.168    0.186    0.017  0.136 -0.052 -0.046 -0.017 0.153    0.119   -0.037 -0.033 -0.013  0.130 -2.332 0.227   0.000  0.000  -0.039  0.353  0.000 0.000
   26.1 Fe II  20  0  5.199  0.166  0.037    5.207    0.164    0.051  0.007  0.180 -0.032  0.039 0.187    0.007    0.181 -0.031  0.038  0.188 -2.293 0.249   0.039  0.353   0.000  0.000  0.039 0.353
   27.0  Co I   4  0  2.708  0.156  0.078    2.732    0.155    0.092  0.123 -0.028 -0.016 -0.022 0.129    0.119   -0.028 -0.014 -0.021  0.124 -2.258 0.199   0.075  0.243   0.036  0.333  0.075 0.243
   28.0  Ni I  12  0  3.970  0.208  0.060    3.957    0.205    0.051  0.118 -0.022 -0.023 -0.010 0.122    0.109   -0.013 -0.015 -0.008  0.111 -2.263 0.233   0.070  0.279   0.031  0.345  0.070 0.279
   30.0  Zn I   1  0  2.155  0.000  0.000    2.155    0.000    0.163  0.036  0.105 -0.005  0.017 0.112    0.036    0.105 -0.005  0.017  0.112 -2.405 0.112  -0.073  0.252  -0.112  0.187 -0.073 0.252
   38.1 Sr II   2  0  0.618  0.097  0.069    0.624    0.097    0.122  0.093  0.034 -0.043  0.038 0.115    0.093    0.033 -0.043  0.038  0.114 -2.246 0.150   0.087  0.229   0.048  0.257  0.087 0.229
   39.1  Y II   3  0 -0.431  0.085  0.049   -0.435    0.084    0.132  0.031  0.183 -0.005  0.036 0.189    0.031    0.182 -0.005  0.036  0.188 -2.645 0.206  -0.313  0.318  -0.352  0.188 -0.313 0.318
   40.1 Zr II   1  0  0.267  0.000  0.000    0.267    0.000    0.281  0.010  0.216 -0.005  0.029 0.218    0.010    0.216 -0.005  0.029  0.218 -2.313 0.218   0.020  0.336  -0.019  0.170  0.020 0.336
   56.1 Ba II   4  0 -0.443  0.043  0.021   -0.442    0.042    0.147  0.063  0.155 -0.034  0.047 0.177    0.063    0.156 -0.034  0.047  0.178 -2.622 0.182  -0.290  0.284  -0.329  0.181 -0.290 0.284
   63.1 Eu II   2  0 -1.705  0.049  0.034   -1.708    0.049    0.167  0.030  0.196  0.002  0.033 0.201    0.030    0.196  0.002  0.033  0.201 -2.228 0.207   0.105  0.321   0.066  0.177  0.105 0.321
  106.0   C-H   2  0  6.032  0.001  0.001    6.032    0.001    0.206  0.211 -0.135  0.001  0.109 0.273    0.209   -0.134  0.002  0.109  0.272 -2.398 0.272  -0.066  0.261  -0.104  0.416 -0.066 0.261
    8.0   O I   1  1  8.003    nan    nan    8.003      nan      nan    nan    nan    nan    nan   nan      nan      nan    nan    nan    nan -0.687   nan   1.645    nan   1.606    nan  1.645   nan
   57.1 La II   1  1 -1.271    nan    nan   -1.271      nan      nan    nan    nan    nan    nan   nan      nan      nan    nan    nan    nan -2.371   nan  -0.039    nan  -0.078    nan -0.078   nan
  607.0   C-N   1  1  5.456    nan    nan    5.456      nan      nan    nan    nan    nan    nan   nan      nan      nan    nan    nan    nan -2.374   nan  -0.042    nan  -0.080    nan -0.042   nan
