species  elem   N ul logeps e_stat stderr logeps_w e_stat_w stderr_w e_Teff e_logg   e_vt   e_MH  e_sp e_Teff_w e_logg_w e_vt_w e_MH_w e_sp_w  [X/H]  e_XH [X/Fe1] e_XFe1 [X/Fe2] e_XFe2 [X/Fe] e_XFe
------- ----- --- -- ------ ------ ------ -------- -------- -------- ------ ------ ------ ------ ----- -------- -------- ------ ------ ------ ------ ----- ------- ------ ------- ------ ------ -----
   11.0  Na I   2  0  4.293  0.048  0.034    4.295    0.048    0.192  0.160 -0.183 -0.044 -0.025 0.248    0.160   -0.182 -0.044 -0.025  0.248 -1.945 0.252   0.172  0.225   0.088  0.431  0.172 0.225
   12.0  Mg I   6  0  5.763  0.135  0.055    5.760    0.128    0.081  0.121 -0.125 -0.023 -0.007 0.176    0.097   -0.080 -0.021 -0.015  0.129 -1.840 0.181   0.277  0.214   0.193  0.343  0.277 0.214
   13.0  Al I   1  0  3.943  0.000  0.000    3.943    0.000    0.444  0.176 -0.215 -0.044  0.011 0.281    0.176   -0.215 -0.044  0.011  0.281 -2.507 0.281  -0.390  0.248  -0.474  0.459 -0.390 0.248
   14.0  Si I   3  0  5.870  0.216  0.125    5.829    0.194    0.102  0.085 -0.042 -0.021 -0.009 0.097    0.076   -0.033 -0.016 -0.006  0.085 -1.681 0.212   0.436  0.261   0.352  0.334  0.436 0.261
   20.0  Ca I  23  0  4.527  0.119  0.025    4.519    0.109    0.034  0.092 -0.051 -0.030 -0.026 0.113    0.089   -0.042 -0.025 -0.024  0.104 -1.821 0.151   0.296  0.201   0.212  0.307  0.296 0.201
   21.1 Sc II   8  0  1.163  0.137  0.049    1.156    0.128    0.112  0.002  0.202 -0.051  0.018 0.209    0.008    0.193 -0.044  0.027  0.200 -1.994 0.238   0.123  0.338   0.039  0.185  0.123 0.338
   22.0  Ti I  36  0  2.987  0.156  0.026    2.987    0.155    0.033  0.143 -0.036 -0.021 -0.021 0.150    0.139   -0.035 -0.017 -0.018  0.145 -1.963 0.212   0.154  0.227   0.070  0.338  0.154 0.227
   22.1 Ti II  46  0  3.169  0.138  0.020    3.169    0.137    0.033  0.026  0.170 -0.038  0.051 0.184    0.026    0.170 -0.038  0.051  0.183 -1.781 0.229   0.336  0.325   0.253  0.193  0.336 0.325
   23.0   V I   2  0  1.669  0.014  0.010    1.668    0.014    0.127  0.097  0.046 -0.003 -0.061 0.124    0.097    0.046 -0.003 -0.061  0.124 -2.262 0.124  -0.145  0.194  -0.228  0.243 -0.145 0.194
   23.1  V II   2  0  2.110  0.068  0.048    2.095    0.067    0.187 -0.011  0.205  0.008  0.038 0.209   -0.013    0.201  0.005  0.036  0.204 -1.835 0.215   0.282  0.338   0.198  0.153  0.282 0.338
   24.0  Cr I  15  0  3.402  0.079  0.020    3.397    0.078    0.050  0.141 -0.040 -0.026 -0.026 0.151    0.140   -0.037 -0.022 -0.024  0.148 -2.243 0.167  -0.126  0.183  -0.210  0.314 -0.126 0.183
   24.1 Cr II   5  0  3.547  0.190  0.085    3.545    0.188    0.099 -0.024  0.184 -0.009  0.034 0.189   -0.024    0.184 -0.009  0.034  0.189 -2.095 0.267   0.022  0.373  -0.062  0.231  0.022 0.373
   25.0  Mn I   6  0  2.883  0.093  0.038    2.880    0.094    0.099  0.095 -0.037 -0.002 -0.017 0.104    0.094   -0.040 -0.003 -0.018  0.104 -2.550 0.140  -0.433  0.194  -0.516  0.302 -0.433 0.194
   26.0  Fe I 132  0  5.418  0.179  0.016    5.383    0.164    0.017  0.144 -0.052 -0.049 -0.032 0.164    0.126   -0.040 -0.036 -0.025  0.139 -2.117 0.215   0.000  0.000  -0.084  0.342  0.000 0.000
   26.1 Fe II  24  0  5.469  0.129  0.026    5.467    0.130    0.047 -0.010  0.183 -0.034  0.043 0.192   -0.010    0.183 -0.034  0.043  0.191 -2.033 0.231   0.084  0.342   0.000  0.000  0.084 0.342
   27.0  Co I   4  0  2.911  0.164  0.082    2.948    0.164    0.108  0.151 -0.023 -0.028 -0.030 0.158    0.144   -0.019 -0.023 -0.025  0.149 -2.042 0.222   0.075  0.234  -0.009  0.336  0.075 0.234
   28.0  Ni I  21  0  4.090  0.163  0.036    4.071    0.163    0.037  0.114 -0.010 -0.014 -0.011 0.116    0.110   -0.009 -0.013 -0.009  0.111 -2.149 0.197  -0.032  0.236  -0.116  0.313 -0.032 0.236
   30.0  Zn I   2  0  2.512  0.086  0.061    2.510    0.086    0.117  0.033  0.110 -0.010  0.030 0.119    0.032    0.110 -0.010  0.030  0.119 -2.050 0.147   0.067  0.263  -0.017  0.180  0.067 0.263
   38.1 Sr II   1  0  0.811  0.000  0.000    0.811    0.000    0.178  0.082  0.028 -0.044  0.049 0.109    0.082    0.028 -0.044  0.049  0.109 -2.059 0.109   0.058  0.197  -0.026  0.223  0.058 0.197
   39.1  Y II   3  0 -0.134  0.126  0.073   -0.133    0.128    0.145  0.021  0.191 -0.014  0.062 0.202    0.021    0.191 -0.014  0.062  0.202 -2.343 0.239  -0.226  0.340  -0.309  0.187 -0.226 0.340
   40.1 Zr II   1  0  0.739  0.000  0.000    0.739    0.000    0.260 -0.024  0.224 -0.017 -0.016 0.226   -0.024    0.224 -0.017 -0.016  0.226 -1.841 0.226   0.276  0.346   0.192  0.151  0.276 0.346
   56.1 Ba II   4  0  0.113  0.073  0.036    0.110    0.073    0.143  0.052  0.145 -0.072  0.047 0.177    0.054    0.141 -0.074  0.046  0.174 -2.070 0.189   0.047  0.277  -0.037  0.172  0.047 0.277
   57.1 La II   6  0 -0.819  0.119  0.049   -0.818    0.121    0.096  0.028  0.176 -0.002  0.070 0.192    0.030    0.175 -0.001  0.071  0.191 -1.918 0.226   0.199  0.328   0.115  0.187  0.199 0.328
   63.1 Eu II   3  0 -1.050  0.025  0.015   -1.051    0.026    0.132  0.041  0.174 -0.007  0.069 0.192    0.043    0.173 -0.007  0.069  0.191 -1.571 0.193   0.546  0.299   0.463  0.148  0.546 0.299
   66.1 Dy II   1  0 -0.316  0.000  0.000   -0.316    0.000    0.263 -0.000  0.207 -0.004  0.029 0.209   -0.000    0.207 -0.004  0.029  0.209 -1.416 0.209   0.701  0.328   0.617  0.137  0.701 0.328
  106.0   C-H   2  0  6.129  0.003  0.002    6.128    0.003    0.196  0.170 -0.118 -0.001  0.154 0.258    0.169   -0.118 -0.001  0.154  0.257 -2.302 0.257  -0.185  0.261  -0.268  0.391 -0.185 0.261
  607.0   C-N   1  0  6.114  0.000  0.000    6.114    0.000    0.417  0.232 -0.064  0.004  0.158 0.288    0.232   -0.064  0.004  0.158  0.288 -1.716 0.288   0.401  0.272   0.317  0.388  0.401 0.272
    8.0   O I   1  1  7.752    nan    nan    7.752      nan      nan    nan    nan    nan    nan   nan      nan      nan    nan    nan    nan -0.938   nan   1.179    nan   1.095    nan  1.179   nan
