species  elem   N ul logeps e_stat stderr logeps_w e_stat_w stderr_w e_Teff e_logg   e_vt   e_MH  e_sp e_Teff_w e_logg_w e_vt_w e_MH_w e_sp_w  [X/H]  e_XH [X/Fe1] e_XFe1 [X/Fe2] e_XFe2 [X/Fe] e_XFe
------- ----- --- -- ------ ------ ------ -------- -------- -------- ------ ------ ------ ------ ----- -------- -------- ------ ------ ------ ------ ----- ------- ------ ------- ------ ------ -----
   11.0  Na I   2  0  4.463  0.017  0.012    4.465    0.016    0.193  0.140 -0.207 -0.034  0.010 0.252    0.140   -0.205 -0.034  0.009  0.250 -1.775 0.251   0.225  0.248   0.189  0.427  0.225 0.248
   12.0  Mg I   6  0  5.846  0.106  0.043    5.865    0.096    0.079  0.109 -0.130 -0.015  0.011 0.171    0.091   -0.075 -0.015  0.004  0.119 -1.735 0.153   0.264  0.202   0.228  0.315  0.264 0.202
   13.0  Al I   1  0  3.771  0.000  0.000    3.771    0.000    0.430  0.180 -0.196 -0.058  0.009 0.273    0.180   -0.196 -0.058  0.009  0.273 -2.679 0.273  -0.679  0.252  -0.716  0.433 -0.679 0.252
   14.0  Si I   2  0  5.867  0.154  0.109    5.988    0.096    0.137  0.142 -0.144 -0.009  0.030 0.204    0.065   -0.012 -0.004  0.006  0.066 -1.522 0.116   0.478  0.202   0.441  0.262  0.478 0.202
   20.0  Ca I  25  0  4.606  0.113  0.023    4.604    0.107    0.030  0.077 -0.037 -0.023 -0.001 0.088    0.075   -0.031 -0.020 -0.001  0.083 -1.736 0.136   0.264  0.204   0.227  0.281  0.264 0.204
   21.1 Sc II   8  0  1.195  0.149  0.053    1.180    0.127    0.110  0.008  0.201 -0.036  0.002 0.204    0.015    0.193 -0.030  0.006  0.196 -1.970 0.233   0.030  0.319  -0.006  0.191  0.030 0.319
   22.0  Ti I  25  0  3.212  0.334  0.067    3.169    0.296    0.037  0.122 -0.016 -0.019 -0.006 0.124    0.119   -0.013 -0.015 -0.006  0.121 -1.781 0.320   0.219  0.342   0.183  0.395  0.219 0.342
   22.1 Ti II  51  0  3.269  0.169  0.024    3.275    0.173    0.031  0.047  0.167 -0.027  0.018 0.176    0.047    0.164 -0.029  0.018  0.174 -1.675 0.245   0.325  0.315   0.289  0.226  0.325 0.315
   23.0   V I   2  0  1.790  0.043  0.031    1.795    0.043    0.115  0.067  0.071 -0.000 -0.033 0.103    0.066    0.070 -0.000 -0.033  0.101 -2.135 0.110  -0.135  0.208  -0.172  0.199 -0.135 0.208
   23.1  V II   2  0  2.009  0.075  0.053    2.008    0.075    0.165  0.001  0.180  0.000  0.012 0.181    0.001    0.180  0.000  0.012  0.181 -1.922 0.196   0.078  0.300   0.041  0.164  0.078 0.300
   24.0  Cr I  13  0  3.495  0.149  0.041    3.508    0.142    0.048  0.116 -0.012 -0.013 -0.006 0.118    0.116   -0.011 -0.012 -0.006  0.117 -2.132 0.184  -0.132  0.222  -0.169  0.295 -0.132 0.222
   24.1 Cr II   5  0  3.732  0.166  0.074    3.724    0.162    0.099 -0.006  0.185 -0.007  0.009 0.186   -0.006    0.185 -0.007  0.009  0.186 -1.916 0.246   0.084  0.337   0.048  0.218  0.084 0.337
   25.0  Mn I   6  0  2.961  0.052  0.021    2.963    0.051    0.100  0.073 -0.023 -0.004 -0.005 0.077    0.075   -0.021 -0.004 -0.005  0.078 -2.467 0.093  -0.468  0.182  -0.504  0.259 -0.468 0.182
   26.0  Fe I 145  0  5.526  0.182  0.015    5.500    0.169    0.015  0.119 -0.040 -0.038 -0.005 0.131    0.109   -0.027 -0.029 -0.004  0.116 -2.000 0.205   0.000  0.000  -0.037  0.316  0.000 0.000
   26.1 Fe II  22  0  5.536  0.141  0.030    5.537    0.142    0.048  0.014  0.178 -0.030  0.018 0.182    0.014    0.177 -0.032  0.018  0.181 -1.963 0.230   0.037  0.316   0.000  0.000  0.037 0.316
   27.0  Co I   4  0  2.984  0.068  0.034    2.978    0.068    0.102  0.112 -0.003 -0.012 -0.012 0.113    0.116   -0.002 -0.014 -0.014  0.117 -2.012 0.136  -0.012  0.185  -0.049  0.262 -0.012 0.185
   28.0  Ni I  14  0  4.181  0.174  0.046    4.182    0.180    0.046  0.094 -0.006 -0.017 -0.004 0.096    0.088    0.000 -0.012 -0.003  0.089 -2.038 0.201  -0.039  0.250  -0.075  0.300 -0.039 0.250
   30.0  Zn I   2  0  2.513  0.108  0.076    2.513    0.107    0.112  0.051  0.090 -0.005  0.005 0.104    0.051    0.090 -0.005  0.005  0.104 -2.047 0.149  -0.047  0.241  -0.084  0.204 -0.047 0.241
   38.1 Sr II   2  0  0.979  0.174  0.123    0.974    0.174    0.141  0.123  0.010 -0.045  0.030 0.135    0.122    0.011 -0.044  0.029  0.134 -1.896 0.219   0.103  0.249   0.067  0.300  0.103 0.249
   39.1  Y II   3  0  0.243  0.119  0.069    0.225    0.111    0.134  0.037  0.176 -0.006  0.022 0.181    0.037    0.175 -0.006  0.020  0.180 -1.985 0.212   0.015  0.297  -0.021  0.184  0.015 0.297
   40.1 Zr II   1  0  0.845  0.000  0.000    0.845    0.000    0.233  0.039  0.196 -0.007  0.014 0.200    0.039    0.196 -0.007  0.014  0.200 -1.735 0.200   0.265  0.290   0.228  0.147  0.265 0.290
   56.1 Ba II   4  0  0.314  0.076  0.038    0.311    0.076    0.143  0.068  0.138 -0.065  0.022 0.168    0.068    0.136 -0.066  0.022  0.168 -1.869 0.184   0.131  0.254   0.094  0.178  0.131 0.254
   57.1 La II   3  0 -0.777  0.097  0.056   -0.776    0.096    0.137  0.030  0.173 -0.002  0.017 0.176    0.030    0.172 -0.002  0.017  0.176 -1.876 0.200   0.124  0.291   0.088  0.175  0.124 0.291
   63.1 Eu II   2  0 -0.916  0.010  0.007   -0.916    0.010    0.165  0.048  0.181 -0.007  0.013 0.188    0.048    0.182 -0.006  0.013  0.189 -1.436 0.189   0.564  0.277   0.527  0.148  0.564 0.277
   66.1 Dy II   2  0 -0.036  0.028  0.020   -0.042    0.027    0.172  0.022  0.181 -0.012  0.017 0.183    0.026    0.175 -0.013  0.019  0.178 -1.142 0.180   0.858  0.279   0.822  0.146  0.858 0.279
  106.0   C-H   2  0  6.529  0.007  0.005    6.528    0.007    0.196  0.204 -0.142  0.001  0.076 0.259    0.202   -0.140  0.001  0.076  0.257 -1.902 0.257   0.098  0.240   0.062  0.401  0.098 0.240
  607.0   C-N   1  0  6.176  0.000  0.000    6.176    0.000    0.387  0.219 -0.034  0.005  0.064 0.231    0.219   -0.034  0.005  0.064  0.231 -1.654 0.231   0.346  0.216   0.309  0.332  0.346 0.216
    8.0   O I   1  1  8.516    nan    nan    8.516      nan      nan    nan    nan    nan    nan   nan      nan      nan    nan    nan    nan -0.174   nan   1.826    nan   1.790    nan  1.826   nan
