species  elem  N ul logeps e_stat stderr logeps_w e_stat_w stderr_w e_Teff e_logg   e_vt  e_MH  e_sp e_Teff_w e_logg_w e_vt_w e_MH_w e_sp_w  [X/H]  e_XH [X/Fe1] e_XFe1 [X/Fe2] e_XFe2 [X/Fe] e_XFe
------- ----- -- -- ------ ------ ------ -------- -------- -------- ------ ------ ------ ----- ----- -------- -------- ------ ------ ------ ------ ----- ------- ------ ------- ------ ------ -----
   11.0  Na I  2  0  2.597  0.018  0.013    2.596    0.018    0.123  0.130 -0.022 -0.018 0.003 0.134    0.130   -0.021 -0.018  0.003  0.133 -3.644 0.135  -0.064  0.116  -0.093  0.293 -0.064 0.116
   12.0  Mg I  4  0  4.424  0.141  0.071    4.444    0.134    0.096  0.121 -0.089 -0.020 0.003 0.152    0.090   -0.023 -0.010  0.002  0.093 -3.156 0.163   0.424  0.187   0.395  0.312  0.424 0.187
   13.0  Al I  1  0  2.103  0.000  0.000    2.103    0.000    0.374  0.142 -0.001 -0.017 0.005 0.143    0.142   -0.001 -0.017  0.005  0.143 -4.347 0.143  -0.768  0.109  -0.796  0.281 -0.768 0.109
   14.0  Si I  1  0  4.059  0.000  0.000    4.059    0.000    0.326  0.198 -0.071 -0.054 0.008 0.218    0.198   -0.071 -0.054  0.008  0.218 -3.451 0.218   0.129  0.143   0.100  0.362  0.129 0.143
   20.0  Ca I  4  0  3.154  0.157  0.078    3.139    0.149    0.089  0.099  0.011 -0.003 0.001 0.100    0.099    0.010 -0.004  0.001  0.100 -3.201 0.179   0.379  0.193   0.350  0.298  0.379 0.193
   21.1 Sc II  1  0 -0.264  0.000  0.000   -0.264    0.000    0.314  0.072  0.196 -0.017 0.001 0.210    0.072    0.196 -0.017  0.001  0.210 -3.414 0.210   0.166  0.234   0.137  0.153  0.166 0.234
   22.0  Ti I  2  0  1.942  0.245  0.173    1.952    0.245    0.153  0.161  0.013 -0.003 0.004 0.162    0.161    0.013 -0.003  0.003  0.162 -2.998 0.293   0.582  0.268   0.553  0.371  0.582 0.268
   22.1 Ti II  9  0  1.712  0.144  0.048    1.718    0.139    0.081  0.075  0.198 -0.016 0.005 0.213    0.075    0.198 -0.016  0.005  0.213 -3.232 0.254   0.348  0.273   0.319  0.207  0.348 0.273
   24.0  Cr I  1  0  1.908  0.000  0.000    1.908    0.000    0.213  0.149  0.008 -0.006 0.003 0.149    0.149    0.008 -0.006  0.003  0.149 -3.732 0.149  -0.152  0.110  -0.181  0.277 -0.152 0.110
   25.0  Mn I  1  0  1.234  0.000  0.000    1.234    0.000    0.310  0.185  0.011 -0.008 0.001 0.185    0.185    0.011 -0.008  0.001  0.185 -4.196 0.185  -0.616  0.113  -0.645  0.292 -0.616 0.113
   26.0  Fe I 27  0  3.922  0.112  0.022    3.920    0.108    0.040  0.161  0.003 -0.025 0.004 0.163    0.155    0.006 -0.022  0.003  0.157 -3.580 0.191   0.000  0.000  -0.029  0.302  0.000 0.000
   26.1 Fe II  2  0  3.941  0.146  0.103    3.949    0.145    0.184  0.028  0.210 -0.009 0.003 0.213    0.029    0.211 -0.009  0.003  0.213 -3.551 0.258   0.029  0.302   0.000  0.000  0.029 0.302
   28.0  Ni I  1  0  2.716  0.000  0.000    2.716    0.000    0.273  0.184 -0.004 -0.060 0.004 0.194    0.184   -0.004 -0.060  0.004  0.194 -3.504 0.194   0.076  0.119   0.047  0.307  0.076 0.119
  106.0   C-H  2  0  5.128  0.046  0.032    5.133    0.046    0.250  0.271 -0.188  0.013 0.019 0.331    0.267   -0.189  0.013  0.019  0.328 -3.297 0.331   0.282  0.256   0.254  0.490  0.282 0.256
    8.0   O I  1  1  8.704    nan    nan    8.704      nan      nan    nan    nan    nan   nan   nan      nan      nan    nan    nan    nan  0.014   nan   3.594    nan   3.565    nan  3.594   nan
   23.0   V I  1  1  1.343    nan    nan    1.343      nan      nan    nan    nan    nan   nan   nan      nan      nan    nan    nan    nan -2.587   nan   0.993    nan   0.964    nan  0.993   nan
   27.0  Co I  1  1  1.983    nan    nan    1.983      nan      nan    nan    nan    nan   nan   nan      nan      nan    nan    nan    nan -3.007   nan   0.573    nan   0.544    nan  0.573   nan
   38.1 Sr II  1  1 -1.589    nan    nan   -1.589      nan      nan    nan    nan    nan   nan   nan      nan      nan    nan    nan    nan -4.459   nan  -0.879    nan  -0.908    nan -0.908   nan
   56.1 Ba II  1  1 -1.943    nan    nan   -1.943      nan      nan    nan    nan    nan   nan   nan      nan      nan    nan    nan    nan -4.123   nan  -0.543    nan  -0.572    nan -0.572   nan
   63.1 Eu II  1  1 -1.637    nan    nan   -1.637      nan      nan    nan    nan    nan   nan   nan      nan      nan    nan    nan    nan -2.157   nan   1.423    nan   1.394    nan  1.394   nan
  607.0   C-N  1  1  6.646    nan    nan    6.646      nan      nan    nan    nan    nan   nan   nan      nan      nan    nan    nan    nan -1.184   nan   2.396    nan   2.367    nan  2.396   nan
