species  elem   N ul logeps e_stat stderr logeps_w e_stat_w stderr_w e_Teff e_logg   e_vt   e_MH  e_sp e_Teff_w e_logg_w e_vt_w e_MH_w e_sp_w  [X/H]  e_XH [X/Fe1] e_XFe1 [X/Fe2] e_XFe2 [X/Fe] e_XFe
------- ----- --- -- ------ ------ ------ -------- -------- -------- ------ ------ ------ ------ ----- -------- -------- ------ ------ ------ ------ ----- ------- ------ ------- ------ ------ -----
   11.0  Na I   2  0  4.447  0.059  0.042    4.451    0.059    0.206  0.154 -0.221 -0.032 -0.005 0.272    0.154   -0.221 -0.032 -0.005  0.271 -1.789 0.278   0.257  0.258   0.206  0.454  0.257 0.258
   12.0  Mg I   4  0  5.976  0.106  0.053    5.968    0.091    0.092  0.098 -0.079 -0.028 -0.003 0.129    0.089   -0.068 -0.023 -0.002  0.115 -1.632 0.147   0.415  0.193   0.363  0.312  0.415 0.193
   13.0  Al I   1  0  4.162  0.000  0.000    4.162    0.000    0.451  0.179 -0.268 -0.033  0.031 0.325    0.179   -0.268 -0.033  0.031  0.325 -2.288 0.325  -0.242  0.294  -0.293  0.499 -0.242 0.294
   14.0  Si I   4  0  6.120  0.176  0.088    6.130    0.171    0.090  0.072 -0.049 -0.021  0.002 0.090    0.067   -0.026 -0.017  0.003  0.074 -1.380 0.186   0.666  0.243   0.614  0.310  0.666 0.243
   19.0   K I   2  0  3.870  0.026  0.019    3.867    0.026    0.126  0.104 -0.082 -0.045 -0.018 0.140    0.103   -0.079 -0.044 -0.018  0.138 -1.163 0.141   0.883  0.174   0.832  0.315  0.883 0.174
   20.0  Ca I  23  0  4.710  0.117  0.024    4.703    0.113    0.034  0.084 -0.060 -0.031 -0.004 0.108    0.080   -0.047 -0.026 -0.003  0.097 -1.637 0.148   0.410  0.203   0.358  0.301  0.410 0.203
   21.1 Sc II   8  0  1.400  0.259  0.092    1.354    0.235    0.113 -0.012  0.215 -0.066  0.005 0.225    0.007    0.184 -0.051  0.013  0.191 -1.796 0.303   0.250  0.378   0.199  0.277  0.250 0.378
   22.0  Ti I  42  0  3.276  0.271  0.042    3.254    0.264    0.029  0.130 -0.029 -0.023 -0.001 0.135    0.127   -0.026 -0.018  0.001  0.131 -1.696 0.294   0.351  0.312   0.299  0.383  0.351 0.312
   22.1 Ti II  52  0  3.338  0.163  0.023    3.336    0.157    0.031  0.048  0.169 -0.034  0.032 0.182    0.048    0.169 -0.034  0.032  0.182 -1.614 0.240   0.432  0.315   0.381  0.217  0.432 0.315
   23.0   V I   2  0  1.876  0.054  0.038    1.885    0.053    0.107  0.053  0.054 -0.004 -0.034 0.083    0.048    0.049 -0.004 -0.036  0.078 -2.045 0.094   0.002  0.208  -0.050  0.217  0.002 0.208
   23.1  V II   2  0  1.990  0.149  0.105    2.004    0.148    0.168  0.000  0.188 -0.001  0.019 0.189    0.000    0.188 -0.001  0.017  0.189 -1.926 0.240   0.120  0.338   0.069  0.210  0.120 0.338
   24.0  Cr I  16  0  3.558  0.084  0.021    3.558    0.084    0.046  0.126 -0.029 -0.021 -0.001 0.131    0.126   -0.027 -0.019 -0.000  0.130 -2.082 0.155  -0.036  0.186  -0.087  0.291 -0.036 0.186
   24.1 Cr II   4  0  3.637  0.044  0.022    3.637    0.044    0.110 -0.008  0.185 -0.010  0.022 0.186   -0.008    0.185 -0.010  0.022  0.186 -2.003 0.192   0.043  0.306  -0.008  0.154  0.043 0.306
   25.0  Mn I   6  0  2.964  0.068  0.028    2.967    0.065    0.097  0.087 -0.029 -0.005 -0.004 0.092    0.086   -0.031 -0.005 -0.004  0.091 -2.463 0.112  -0.417  0.182  -0.468  0.277 -0.417 0.182
   26.0  Fe I 134  0  5.478  0.176  0.015    5.454    0.165    0.016  0.126 -0.049 -0.043 -0.008 0.142    0.114   -0.036 -0.033 -0.003  0.124 -2.046 0.206   0.000  0.000  -0.051  0.326  0.000 0.000
   26.1 Fe II  25  0  5.511  0.145  0.029    5.505    0.145    0.045  0.011  0.180 -0.027  0.029 0.184    0.011    0.180 -0.028  0.029  0.184 -1.995 0.234   0.051  0.326   0.000  0.000  0.051 0.326
   27.0  Co I   4  0  3.063  0.282  0.141    3.096    0.282    0.094  0.096 -0.003 -0.005 -0.002 0.096    0.091   -0.000 -0.002  0.002  0.091 -1.894 0.296   0.152  0.330   0.101  0.374  0.152 0.330
   28.0  Ni I  20  0  4.220  0.132  0.030    4.208    0.134    0.037  0.106 -0.013 -0.016  0.004 0.108    0.099   -0.006 -0.012  0.004  0.100 -2.012 0.167   0.034  0.216  -0.017  0.286  0.034 0.216
   30.0  Zn I   2  0  2.617  0.064  0.045    2.620    0.063    0.114  0.044  0.105 -0.009  0.021 0.116    0.043    0.105 -0.010  0.020  0.116 -1.940 0.132   0.106  0.239   0.055  0.179  0.106 0.239
   38.1 Sr II   1  0  1.124  0.000  0.000    1.124    0.000    0.159  0.081 -0.043 -0.040  0.033 0.105    0.081   -0.043 -0.040  0.033  0.105 -1.746 0.105   0.300  0.172   0.249  0.275  0.300 0.172
   39.1  Y II   3  0  0.224  0.018  0.011    0.223    0.019    0.141  0.038  0.190 -0.015  0.037 0.198    0.038    0.190 -0.015  0.037  0.197 -1.987 0.198   0.059  0.294   0.008  0.149  0.059 0.294
   40.1 Zr II   1  0  0.941  0.000  0.000    0.941    0.000    0.272 -0.005  0.238 -0.017  0.010 0.239   -0.005    0.238 -0.017  0.010  0.239 -1.639 0.239   0.407  0.342   0.355  0.158  0.407 0.342
   56.1 Ba II   4  0  0.387  0.069  0.035    0.383    0.067    0.137  0.079  0.107 -0.054  0.022 0.145    0.080    0.103 -0.055  0.021  0.143 -1.797 0.158   0.249  0.231   0.198  0.192  0.249 0.231
   57.1 La II   6  0 -0.550  0.052  0.021   -0.547    0.049    0.099  0.064  0.174 -0.003  0.043 0.190    0.065    0.173 -0.002  0.043  0.190 -1.647 0.196   0.399  0.281   0.348  0.165  0.399 0.281
   63.1 Eu II   3  0 -0.980  0.010  0.006   -0.981    0.010    0.147  0.086  0.172 -0.003  0.037 0.196    0.084    0.176 -0.002  0.037  0.198 -1.501 0.198   0.545  0.275   0.494  0.165  0.545 0.275
   66.1 Dy II   1  0 -0.002  0.000  0.000   -0.002    0.000    0.297  0.000  0.212 -0.023 -0.022 0.215    0.000    0.212 -0.023 -0.022  0.215 -1.102 0.215   0.944  0.320   0.893  0.157  0.944 0.320
  106.0   C-H   2  0  6.331  0.003  0.002    6.331    0.003    0.210  0.228 -0.125  0.006  0.099 0.278    0.228   -0.124  0.007  0.099  0.278 -2.099 0.278  -0.052  0.245  -0.104  0.408 -0.052 0.245
  607.0   C-N   1  0  5.892  0.000  0.000    5.892    0.000    0.405  0.249 -0.046  0.004  0.085 0.267    0.249   -0.046  0.004  0.085  0.267 -1.938 0.267   0.108  0.234   0.057  0.364  0.108 0.234
    8.0   O I   1  1  8.350    nan    nan    8.350      nan      nan    nan    nan    nan    nan   nan      nan      nan    nan    nan    nan -0.340   nan   1.706    nan   1.655    nan  1.706   nan
