species  elem   N ul logeps e_stat stderr logeps_w e_stat_w stderr_w e_Teff e_logg   e_vt   e_MH  e_sp e_Teff_w e_logg_w e_vt_w e_MH_w e_sp_w  [X/H]  e_XH [X/Fe1] e_XFe1 [X/Fe2] e_XFe2 [X/Fe] e_XFe
------- ----- --- -- ------ ------ ------ -------- -------- -------- ------ ------ ------ ------ ----- -------- -------- ------ ------ ------ ------ ----- ------- ------ ------- ------ ------ -----
   11.0  Na I   3  0  4.505  0.038  0.022    4.493    0.029    0.108  0.118 -0.141 -0.022  0.006 0.185    0.089   -0.076 -0.013  0.000  0.118 -1.747 0.122   0.002  0.162  -0.083  0.319  0.002 0.162
   12.0  Mg I   7  0  6.104  0.104  0.039    6.143    0.104    0.075  0.108 -0.133 -0.024  0.010 0.173    0.091   -0.091 -0.023  0.001  0.131 -1.457 0.167   0.292  0.191   0.207  0.346  0.292 0.191
   13.0  Al I   1  0  4.214  0.000  0.000    4.214    0.000    0.424  0.177 -0.224 -0.024  0.048 0.290    0.177   -0.224 -0.024  0.048  0.290 -2.236 0.290  -0.488  0.247  -0.573  0.474 -0.488 0.247
   14.0  Si I   5  0  6.187  0.247  0.110    6.179    0.245    0.068  0.070 -0.013 -0.015  0.010 0.073    0.059    0.006 -0.012  0.009  0.061 -1.331 0.253   0.417  0.301   0.333  0.343  0.417 0.301
   19.0   K I   2  0  4.081  0.065  0.046    4.073    0.064    0.140  0.119 -0.100 -0.054 -0.024 0.166    0.118   -0.097 -0.054 -0.024  0.164 -0.957 0.176   0.791  0.170   0.707  0.356  0.791 0.170
   20.0  Ca I  21  0  4.973  0.103  0.022    4.963    0.106    0.036  0.093 -0.082 -0.040 -0.009 0.131    0.088   -0.063 -0.035 -0.011  0.114 -1.377 0.156   0.371  0.187   0.287  0.325  0.371 0.187
   21.1 Sc II   8  0  1.657  0.176  0.062    1.639    0.172    0.111 -0.028  0.185 -0.061  0.001 0.197   -0.016    0.167 -0.053  0.009  0.176 -1.511 0.246   0.238  0.340   0.153  0.218  0.238 0.340
   22.0  Ti I  48  0  3.389  0.205  0.030    3.369    0.177    0.027  0.141 -0.030 -0.030 -0.017 0.148    0.136   -0.025 -0.023 -0.014  0.141 -1.581 0.226   0.167  0.233   0.083  0.349  0.167 0.233
   22.1 Ti II  53  0  3.705  0.210  0.029    3.717    0.213    0.032  0.017  0.176 -0.049  0.052 0.191    0.019    0.168 -0.053  0.053  0.185 -1.233 0.282   0.516  0.357   0.431  0.251  0.516 0.357
   23.0   V I   2  0  1.999  0.035  0.025    1.995    0.035    0.128  0.106  0.041  0.001 -0.066 0.132    0.103    0.039 -0.000 -0.069  0.130 -1.935 0.135  -0.186  0.189  -0.271  0.265 -0.186 0.189
   23.1  V II   2  0  2.276  0.053  0.037    2.284    0.052    0.169 -0.019  0.189 -0.012  0.039 0.194   -0.016    0.188 -0.011  0.037  0.193 -1.646 0.200   0.103  0.319   0.018  0.139  0.103 0.319
   24.0  Cr I  15  0  3.786  0.105  0.027    3.783    0.101    0.050  0.143 -0.039 -0.042 -0.019 0.155    0.142   -0.034 -0.039 -0.019  0.153 -1.857 0.183  -0.108  0.180  -0.193  0.327 -0.108 0.180
   24.1 Cr II   6  0  4.011  0.102  0.042    4.010    0.103    0.094 -0.033  0.195 -0.017  0.035 0.202   -0.033    0.195 -0.017  0.035  0.202 -1.630 0.226   0.118  0.342   0.034  0.164  0.118 0.342
   25.0  Mn I   6  0  3.221  0.065  0.026    3.213    0.063    0.097  0.104 -0.030 -0.016 -0.016 0.110    0.102   -0.031 -0.014 -0.015  0.108 -2.217 0.125  -0.469  0.166  -0.554  0.296 -0.469 0.166
   26.0  Fe I 126  0  5.781  0.159  0.014    5.751    0.147    0.017  0.140 -0.057 -0.059 -0.015 0.162    0.124   -0.044 -0.048 -0.012  0.141 -1.749 0.204   0.000  0.000  -0.085  0.341  0.000 0.000
   26.1 Fe II  23  0  5.835  0.116  0.024    5.836    0.124    0.049 -0.022  0.193 -0.038  0.050 0.204   -0.021    0.189 -0.040  0.050  0.201 -1.664 0.236   0.085  0.341   0.000  0.000  0.085 0.341
   27.0  Co I   4  0  3.197  0.310  0.155    3.289    0.322    0.097  0.138 -0.013 -0.031 -0.024 0.144    0.119   -0.017 -0.031 -0.026  0.127 -1.701 0.346   0.047  0.356  -0.037  0.432  0.047 0.356
   28.0  Ni I  26  0  4.451  0.132  0.026    4.430    0.131    0.032  0.108  0.004 -0.022 -0.004 0.110    0.104    0.006 -0.019 -0.002  0.106 -1.790 0.168  -0.041  0.206  -0.126  0.291 -0.041 0.206
   30.0  Zn I   2  0  2.893  0.066  0.047    2.891    0.066    0.123  0.014  0.131 -0.021  0.035 0.138    0.014    0.130 -0.021  0.035  0.137 -1.669 0.152   0.080  0.267  -0.005  0.158  0.080 0.267
   38.0  Sr I   1  0  1.069  0.000  0.000    1.069    0.000    0.176  0.135 -0.017 -0.007 -0.009 0.137    0.135   -0.017 -0.007 -0.009  0.137 -1.801 0.137  -0.052  0.156  -0.137  0.295 -0.052 0.156
   38.1 Sr II   2  0  1.255  0.057  0.040    1.268    0.055    0.143  0.099  0.075 -0.050  0.093 0.163    0.098    0.068 -0.050  0.092  0.159 -1.602 0.168   0.147  0.221   0.062  0.222  0.147 0.221
   39.1  Y II   3  0  0.396  0.044  0.025    0.394    0.043    0.147  0.015  0.212 -0.024  0.054 0.221    0.016    0.212 -0.024  0.053  0.220 -1.816 0.224  -0.067  0.325  -0.152  0.139 -0.067 0.325
   40.1 Zr II   1  0  1.165  0.000  0.000    1.165    0.000    0.289 -0.000  0.256  0.007  0.007 0.256   -0.000    0.256  0.007  0.007  0.256 -1.415 0.256   0.334  0.361   0.249  0.156  0.334 0.361
   56.1 Ba II   4  0  0.694  0.036  0.018    0.695    0.034    0.135  0.047  0.122 -0.069  0.063 0.161    0.050    0.110 -0.069  0.063  0.152 -1.485 0.156   0.264  0.241   0.179  0.170  0.264 0.241
   57.1 La II   6  0 -0.369  0.037  0.015   -0.370    0.037    0.101  0.031  0.196 -0.006  0.059 0.207    0.033    0.195 -0.005  0.060  0.207 -1.470 0.210   0.278  0.309   0.193  0.145  0.278 0.309
   63.1 Eu II   4  0 -0.734  0.060  0.030   -0.733    0.058    0.129  0.024  0.212  0.002  0.059 0.222    0.026    0.210  0.001  0.059  0.219 -1.253 0.227   0.496  0.326   0.411  0.152  0.496 0.326
   66.1 Dy II   2  0  0.127  0.004  0.003    0.127    0.004    0.163 -0.010  0.163 -0.047 -0.012 0.171   -0.009    0.163 -0.047 -0.011  0.170 -0.973 0.170   0.776  0.287   0.691  0.141  0.776 0.287
  106.0   C-H   2  0  6.524  0.008  0.006    6.524    0.008    0.176  0.158 -0.073 -0.002  0.147 0.228    0.158   -0.073 -0.002  0.147  0.228 -1.906 0.228  -0.157  0.227  -0.242  0.356 -0.157 0.227
  607.0   C-N   1  0  6.305  0.000  0.000    6.305    0.000    0.404  0.218 -0.022  0.000  0.156 0.269    0.218   -0.022  0.000  0.156  0.269 -1.525 0.269   0.223  0.248   0.138  0.360  0.223 0.248
    8.0   O I   1  1  7.833    nan    nan    7.833      nan      nan    nan    nan    nan    nan   nan      nan      nan    nan    nan    nan -0.857   nan   0.891    nan   0.806    nan  0.891   nan
