species  elem   N ul logeps e_stat stderr logeps_w e_stat_w stderr_w e_Teff e_logg   e_vt   e_MH  e_sp e_Teff_w e_logg_w e_vt_w e_MH_w e_sp_w  [X/H]  e_XH [X/Fe1] e_XFe1 [X/Fe2] e_XFe2 [X/Fe] e_XFe
------- ----- --- -- ------ ------ ------ -------- -------- -------- ------ ------ ------ ------ ----- -------- -------- ------ ------ ------ ------ ----- ------- ------ ------- ------ ------ -----
   11.0  Na I   2  0  4.508  0.046  0.032    4.503    0.045    0.216  0.163 -0.234 -0.029 -0.011 0.287    0.163   -0.232 -0.029 -0.011  0.285 -1.737 0.289   0.686  0.282   0.609  0.470  0.686 0.282
   12.0  Mg I   6  0  5.545  0.110  0.045    5.577    0.103    0.085  0.120 -0.140 -0.024 -0.009 0.186    0.101   -0.099 -0.023 -0.012  0.143 -2.023 0.176   0.401  0.237   0.323  0.344  0.401 0.237
   13.0  Al I   1  0  3.889  0.000  0.000    3.889    0.000    0.438  0.150 -0.268 -0.039 -0.007 0.310    0.150   -0.268 -0.039 -0.007  0.310 -2.561 0.310  -0.138  0.302  -0.215  0.494 -0.138 0.302
   14.0  Si I   2  0  5.594  0.355  0.251    5.762    0.313    0.175  0.156 -0.121 -0.036 -0.008 0.200    0.144   -0.090 -0.048 -0.014  0.177 -1.748 0.359   0.675  0.377   0.597  0.462  0.675 0.377
   19.0   K I   1  0  3.284  0.000  0.000    3.284    0.000    0.166  0.113 -0.043 -0.029 -0.025 0.127    0.113   -0.043 -0.029 -0.025  0.127 -1.746 0.127   0.677  0.206   0.600  0.291  0.677 0.206
   20.0  Ca I  24  0  4.257  0.135  0.027    4.245    0.132    0.032  0.090 -0.052 -0.026 -0.017 0.108    0.087   -0.045 -0.021 -0.016  0.102 -2.095 0.166   0.328  0.248   0.250  0.310  0.328 0.248
   21.1 Sc II   8  0  1.011  0.240  0.085    0.975    0.228    0.111 -0.019  0.181 -0.062 -0.001 0.192   -0.011    0.166 -0.054  0.005  0.175 -2.175 0.288   0.248  0.400   0.171  0.261  0.248 0.400
   22.0  Ti I  35  0  2.698  0.219  0.037    2.674    0.199    0.035  0.151 -0.048 -0.023 -0.024 0.162    0.148   -0.045 -0.018 -0.022  0.157 -2.276 0.254   0.147  0.287   0.070  0.367  0.147 0.287
   22.1 Ti II  55  0  3.034  0.162  0.022    3.030    0.160    0.029  0.021  0.159 -0.040  0.034 0.169    0.021    0.158 -0.040  0.034  0.168 -1.920 0.232   0.503  0.353   0.426  0.206  0.503 0.353
   23.0   V I   2  0  1.216  0.038  0.027    1.206    0.037    0.129  0.126  0.045 -0.003 -0.050 0.143    0.117    0.039 -0.002 -0.053  0.134 -2.724 0.139  -0.301  0.230  -0.378  0.249 -0.301 0.230
   23.1  V II   2  0  1.817  0.169  0.119    1.805    0.168    0.180 -0.032  0.185 -0.006  0.018 0.189   -0.030    0.186 -0.005  0.017  0.189 -2.125 0.253   0.298  0.390   0.221  0.209  0.298 0.390
   24.0  Cr I  16  0  2.995  0.115  0.029    2.989    0.116    0.049  0.144 -0.046 -0.020 -0.022 0.154    0.144   -0.044 -0.018 -0.021  0.153 -2.651 0.192  -0.228  0.237  -0.305  0.327 -0.228 0.237
   24.1 Cr II   4  0  3.234  0.100  0.050    3.234    0.101    0.111 -0.029  0.182 -0.007  0.022 0.186   -0.029    0.182 -0.007  0.022  0.186 -2.406 0.212   0.017  0.364  -0.061  0.160  0.017 0.364
   25.0  Mn I   6  0  2.440  0.051  0.021    2.441    0.052    0.101  0.107 -0.045 -0.002 -0.010 0.117    0.107   -0.046 -0.002 -0.010  0.116 -2.989 0.128  -0.566  0.216  -0.644  0.293 -0.566 0.216
   26.0  Fe I 144  0  5.151  0.232  0.019    5.077    0.205    0.017  0.145 -0.064 -0.050 -0.031 0.169    0.128   -0.048 -0.036 -0.023  0.143 -2.423 0.250   0.000  0.000  -0.077  0.364  0.000 0.000
   26.1 Fe II  23  0  5.152  0.123  0.026    5.154    0.121    0.047 -0.018  0.180 -0.028  0.033 0.186   -0.018    0.179 -0.029  0.033  0.185 -2.346 0.221   0.077  0.364   0.000  0.000  0.077 0.364
   27.0  Co I   4  0  2.440  0.144  0.072    2.440    0.141    0.115  0.169 -0.029 -0.027 -0.032 0.176    0.160   -0.031 -0.028 -0.032  0.169 -2.550 0.220  -0.127  0.252  -0.204  0.338 -0.127 0.252
   28.0  Ni I  19  0  3.691  0.099  0.023    3.679    0.100    0.039  0.120 -0.020 -0.011 -0.011 0.123    0.112   -0.014 -0.008 -0.010  0.114 -2.541 0.152  -0.117  0.233  -0.195  0.285 -0.117 0.233
   30.0  Zn I   2  0  2.219  0.042  0.030    2.217    0.042    0.114  0.025  0.110 -0.007  0.020 0.115    0.025    0.111 -0.008  0.021  0.115 -2.343 0.123   0.080  0.287   0.003  0.153  0.080 0.287
   38.1 Sr II   2  0  0.495  0.079  0.056    0.518    0.076    0.127  0.095  0.049 -0.040  0.043 0.122    0.093    0.036 -0.042  0.037  0.115 -2.352 0.138   0.071  0.244  -0.006  0.231  0.071 0.244
   39.1  Y II   3  0 -0.404  0.074  0.043   -0.406    0.074    0.136  0.026  0.184 -0.012  0.041 0.191    0.027    0.184 -0.012  0.041  0.191 -2.616 0.205  -0.193  0.341  -0.271  0.149 -0.193 0.341
   40.1 Zr II   1  0  0.239  0.000  0.000    0.239    0.000    0.242  0.000  0.206 -0.006  0.029 0.208    0.000    0.206 -0.006  0.029  0.208 -2.341 0.208   0.082  0.356   0.005  0.127  0.082 0.356
   56.1 Ba II   4  0 -0.420  0.065  0.032   -0.418    0.064    0.143  0.041  0.150 -0.054  0.038 0.169    0.042    0.149 -0.055  0.038  0.168 -2.598 0.180  -0.175  0.310  -0.252  0.154 -0.175 0.310
   57.1 La II   6  0 -1.415  0.140  0.057   -1.402    0.145    0.095  0.020  0.172  0.001  0.043 0.178    0.025    0.167  0.001  0.044  0.175 -2.502 0.228  -0.079  0.355  -0.156  0.197 -0.079 0.355
   63.1 Eu II   2  0 -1.855  0.006  0.004   -1.856    0.006    0.163  0.027  0.194  0.001  0.043 0.200    0.027    0.193  0.001  0.042  0.199 -2.376 0.199   0.047  0.340  -0.030  0.133  0.047 0.340
   66.1 Dy II   1  0 -0.907  0.000  0.000   -0.907    0.000    0.281 -0.000  0.218  0.005  0.042 0.222   -0.000    0.218  0.005  0.042  0.222 -2.007 0.222   0.416  0.367   0.338  0.133  0.416 0.367
  106.0   C-H   2  0  5.653  0.016  0.011    5.655    0.015    0.187  0.178 -0.127  0.001  0.111 0.246    0.176   -0.126  0.001  0.111  0.243 -2.775 0.244  -0.352  0.264  -0.429  0.390 -0.352 0.264
  607.0   C-N   1  0  6.027  0.000  0.000    6.027    0.000    0.407  0.240 -0.077  0.001  0.107 0.273    0.240   -0.077  0.001  0.107  0.273 -1.803 0.273   0.621  0.271   0.543  0.391  0.621 0.271
    8.0   O I   1  1  7.262    nan    nan    7.262      nan      nan    nan    nan    nan    nan   nan      nan      nan    nan    nan    nan -1.428   nan   0.995    nan   0.918    nan  0.995   nan
