species  elem   N ul logeps e_stat stderr logeps_w e_stat_w stderr_w e_Teff e_logg   e_vt   e_MH  e_sp e_Teff_w e_logg_w e_vt_w e_MH_w e_sp_w  [X/H]  e_XH [X/Fe1] e_XFe1 [X/Fe2] e_XFe2 [X/Fe] e_XFe
------- ----- --- -- ------ ------ ------ -------- -------- -------- ------ ------ ------ ------ ----- -------- -------- ------ ------ ------ ------ ----- ------- ------ ------- ------ ------ -----
   11.0  Na I   3  0  4.517  0.231  0.134    4.361    0.231    0.117  0.120 -0.151 -0.018  0.001 0.193    0.092   -0.084 -0.010 -0.001  0.125 -1.879 0.262   0.017  0.279  -0.028  0.389  0.017 0.279
   12.0  Mg I   6  0  6.011  0.156  0.064    6.025    0.150    0.083  0.120 -0.136 -0.024  0.002 0.183    0.101   -0.089 -0.022 -0.003  0.136 -1.575 0.202   0.322  0.216   0.277  0.353  0.322 0.216
   13.0  Al I   1  0  4.122  0.000  0.000    4.122    0.000    0.429  0.174 -0.233 -0.032  0.025 0.293    0.174   -0.233 -0.032  0.025  0.293 -2.328 0.293  -0.432  0.249  -0.477  0.474 -0.432 0.249
   14.0  Si I   3  0  6.044  0.149  0.086    6.025    0.125    0.095  0.072 -0.046 -0.021 -0.012 0.089    0.063   -0.025 -0.015 -0.007  0.069 -1.485 0.143   0.411  0.202   0.366  0.282  0.411 0.202
   19.0   K I   2  0  4.008  0.054  0.038    4.002    0.053    0.140  0.133 -0.079 -0.051 -0.027 0.165    0.133   -0.077 -0.050 -0.027  0.164 -1.028 0.172   0.869  0.158   0.824  0.332  0.869 0.158
   20.0  Ca I  22  0  4.756  0.096  0.020    4.743    0.087    0.035  0.100 -0.058 -0.033 -0.010 0.121    0.095   -0.045 -0.027 -0.010  0.109 -1.597 0.140   0.299  0.170   0.254  0.295  0.299 0.170
   21.1 Sc II   8  0  1.531  0.193  0.068    1.482    0.174    0.113 -0.028  0.209 -0.058 -0.004 0.218   -0.015    0.189 -0.050  0.006  0.196 -1.668 0.263   0.228  0.350   0.183  0.202  0.228 0.350
   22.0  Ti I  45  0  3.305  0.204  0.030    3.293    0.169    0.029  0.144 -0.031 -0.026 -0.014 0.150    0.137   -0.027 -0.020 -0.011  0.142 -1.657 0.221   0.239  0.222   0.194  0.334  0.239 0.222
   22.1 Ti II  50  0  3.524  0.134  0.019    3.526    0.135    0.032  0.013  0.173 -0.038  0.036 0.182    0.014    0.170 -0.040  0.036  0.179 -1.424 0.224   0.473  0.310   0.428  0.171  0.473 0.310
   23.0   V I   2  0  1.994  0.011  0.008    1.994    0.011    0.129  0.107  0.044 -0.006 -0.055 0.128    0.106    0.043 -0.006 -0.055  0.128 -1.936 0.128  -0.040  0.173  -0.085  0.235 -0.040 0.173
   23.1  V II   2  0  2.286  0.062  0.044    2.279    0.061    0.166 -0.019  0.181 -0.014  0.019 0.183   -0.018    0.181 -0.013  0.021  0.184 -1.651 0.194   0.246  0.307   0.201  0.117  0.246 0.307
   24.0  Cr I  16  0  3.672  0.129  0.032    3.659    0.123    0.048  0.145 -0.035 -0.032 -0.015 0.153    0.143   -0.031 -0.029 -0.014  0.150 -1.981 0.194  -0.085  0.189  -0.130  0.319 -0.085 0.189
   24.1 Cr II   5  0  3.819  0.129  0.058    3.818    0.129    0.101 -0.033  0.190 -0.013  0.022 0.195   -0.033    0.190 -0.013  0.022  0.195 -1.822 0.233   0.075  0.341   0.030  0.163  0.075 0.341
   25.0  Mn I   6  0  3.160  0.053  0.022    3.159    0.054    0.100  0.107 -0.015  0.000 -0.004 0.108    0.104   -0.021 -0.003 -0.008  0.106 -2.271 0.119  -0.375  0.159  -0.420  0.272 -0.375 0.159
   26.0  Fe I 126  0  5.623  0.149  0.013    5.604    0.142    0.017  0.142 -0.049 -0.050 -0.018 0.160    0.128   -0.037 -0.039 -0.013  0.140 -1.896 0.199   0.000  0.000  -0.045  0.323  0.000 0.000
   26.1 Fe II  25  0  5.650  0.097  0.019    5.649    0.097    0.046 -0.021  0.190 -0.032  0.034 0.196   -0.020    0.189 -0.033  0.034  0.196 -1.851 0.218   0.045  0.323   0.000  0.000  0.045 0.323
   27.0  Co I   4  0  3.161  0.245  0.122    3.235    0.236    0.099  0.140  0.001 -0.025 -0.023 0.144    0.129    0.010 -0.020 -0.018  0.132 -1.755 0.271   0.141  0.280   0.096  0.349  0.141 0.280
   28.0  Ni I  24  0  4.305  0.177  0.036    4.290    0.170    0.033  0.112 -0.005 -0.018 -0.004 0.114    0.105    0.000 -0.014 -0.003  0.106 -1.930 0.200  -0.034  0.227  -0.079  0.302 -0.034 0.227
   30.0  Zn I   2  0  2.732  0.022  0.016    2.732    0.022    0.115  0.020  0.116 -0.013  0.022 0.121    0.020    0.117 -0.013  0.023  0.121 -1.828 0.123   0.069  0.240   0.024  0.131  0.069 0.240
   38.0  Sr I   1  0  0.571  0.000  0.000    0.571    0.000    0.190  0.127 -0.022 -0.004 -0.007 0.129    0.127   -0.022 -0.004 -0.007  0.129 -2.299 0.129  -0.403  0.147  -0.448  0.279 -0.403 0.147
   38.1 Sr II   2  0  1.044  0.087  0.061    1.060    0.086    0.111  0.068  0.032 -0.027  0.054 0.096    0.067    0.027 -0.027  0.051  0.092 -1.810 0.126   0.086  0.199   0.041  0.225  0.086 0.199
   39.1  Y II   3  0  0.187  0.033  0.019    0.186    0.032    0.141  0.012  0.199 -0.020  0.041 0.205    0.012    0.199 -0.019  0.041  0.205 -2.024 0.207  -0.127  0.306  -0.172  0.109 -0.127 0.306
   40.1 Zr II   1  0  0.906  0.000  0.000    0.906    0.000    0.286 -0.008  0.255 -0.010  0.008 0.256   -0.008    0.255 -0.010  0.008  0.256 -1.674 0.256   0.223  0.354   0.178  0.123  0.223 0.354
   56.1 Ba II   4  0  0.361  0.092  0.046    0.355    0.095    0.141  0.027  0.133 -0.070  0.025 0.155    0.027    0.128 -0.072  0.023  0.151 -1.825 0.178   0.072  0.262   0.027  0.161  0.072 0.262
   57.1 La II   6  0 -0.680  0.081  0.033   -0.676    0.081    0.093  0.016  0.172 -0.003  0.045 0.179    0.018    0.170 -0.003  0.046  0.177 -1.776 0.195   0.120  0.294   0.075  0.137  0.120 0.294
   63.1 Eu II   3  0 -0.973  0.021  0.012   -0.973    0.020    0.133  0.031  0.185 -0.007  0.042 0.192    0.033    0.182 -0.008  0.041  0.190 -1.493 0.191   0.404  0.285   0.359  0.115  0.404 0.285
   66.1 Dy II   1  0 -0.317  0.000  0.000   -0.317    0.000    0.325 -0.039  0.228 -0.005  0.004 0.231   -0.039    0.228 -0.005  0.004  0.231 -1.417 0.231   0.479  0.346   0.434  0.114  0.479 0.346
  106.0   C-H   2  0  6.452  0.002  0.001    6.452    0.002    0.159  0.133 -0.101 -0.002  0.112 0.202    0.132   -0.101 -0.002  0.112  0.200 -1.978 0.200  -0.082  0.203  -0.127  0.351 -0.082 0.203
  607.0   C-N   1  0  6.314  0.000  0.000    6.314    0.000    0.385  0.199 -0.064  0.002  0.117 0.240    0.199   -0.064  0.002  0.117  0.240 -1.516 0.240   0.380  0.212   0.335  0.360  0.380 0.212
    8.0   O I   1  1  8.375    nan    nan    8.375      nan      nan    nan    nan    nan    nan   nan      nan      nan    nan    nan    nan -0.315   nan   1.581    nan   1.536    nan  1.581   nan
