species  elem   N ul logeps e_stat stderr logeps_w e_stat_w stderr_w e_Teff e_logg   e_vt   e_MH  e_sp e_Teff_w e_logg_w e_vt_w e_MH_w e_sp_w  [X/H]  e_XH [X/Fe1] e_XFe1 [X/Fe2] e_XFe2 [X/Fe] e_XFe
------- ----- --- -- ------ ------ ------ -------- -------- -------- ------ ------ ------ ------ ----- -------- -------- ------ ------ ------ ------ ----- ------- ------ ------- ------ ------ -----
   11.0  Na I   4  0  4.343  0.078  0.039    4.336    0.068    0.092  0.112 -0.106 -0.018 -0.007 0.156    0.084   -0.057 -0.009 -0.008  0.103 -1.904 0.123   0.089  0.180   0.020  0.292  0.089 0.180
   12.0  Mg I   6  0  5.991  0.095  0.039    6.008    0.089    0.087  0.126 -0.142 -0.022  0.002 0.191    0.104   -0.094 -0.020 -0.005  0.141 -1.592 0.167   0.401  0.191   0.332  0.333  0.401 0.191
   13.0  Al I   1  0  4.163  0.000  0.000    4.163    0.000    0.454  0.209 -0.258 -0.030  0.022 0.334    0.209   -0.258 -0.030  0.022  0.334 -2.287 0.334  -0.294  0.282  -0.363  0.506 -0.294 0.282
   14.0  Si I   5  0  6.086  0.240  0.107    6.099    0.198    0.070  0.078 -0.022 -0.015  0.005 0.082    0.062    0.003 -0.010  0.002  0.063 -1.411 0.208   0.582  0.267   0.512  0.299  0.582 0.267
   19.0   K I   2  0  4.518  0.665  0.470    4.239    0.603    0.161  0.139 -0.149 -0.036 -0.008 0.207    0.135   -0.113 -0.041 -0.017  0.181 -0.791 0.630   1.202  0.628   1.133  0.698  1.202 0.628
   20.0  Ca I  22  0  4.778  0.116  0.025    4.761    0.111    0.036  0.101 -0.069 -0.037 -0.017 0.128    0.095   -0.054 -0.031 -0.017  0.114 -1.579 0.159   0.414  0.195   0.345  0.306  0.414 0.195
   21.1 Sc II   8  0  1.510  0.233  0.082    1.490    0.232    0.114 -0.008  0.179 -0.072  0.006 0.194   -0.003    0.171 -0.064  0.012  0.183 -1.660 0.295   0.334  0.377   0.264  0.254  0.334 0.377
   22.0  Ti I  46  0  3.239  0.187  0.028    3.220    0.170    0.029  0.143 -0.038 -0.029 -0.024 0.152    0.136   -0.034 -0.021 -0.021  0.143 -1.730 0.222   0.263  0.232   0.194  0.334  0.263 0.232
   22.1 Ti II  58  0  3.514  0.204  0.027    3.519    0.205    0.030  0.027  0.166 -0.044  0.040 0.178    0.029    0.159 -0.046  0.041  0.173 -1.431 0.268   0.562  0.347   0.493  0.231  0.562 0.347
   23.0   V I   2  0  1.724  0.073  0.052    1.731    0.073    0.132  0.112  0.030  0.002 -0.064 0.133    0.112    0.030  0.003 -0.065  0.132 -2.199 0.151  -0.206  0.198  -0.275  0.257 -0.206 0.198
   23.1  V II   2  0  2.055  0.101  0.071    2.071    0.099    0.166 -0.022  0.185 -0.012  0.034 0.190   -0.020    0.185 -0.011  0.032  0.189 -1.859 0.214   0.135  0.334   0.065  0.139  0.135 0.334
   24.0  Cr I  15  0  3.543  0.127  0.033    3.532    0.127    0.050  0.144 -0.041 -0.035 -0.025 0.156    0.141   -0.037 -0.031 -0.024  0.151 -2.108 0.198  -0.115  0.203  -0.184  0.320 -0.115 0.203
   24.1 Cr II   5  0  3.709  0.052  0.023    3.709    0.052    0.100 -0.024  0.189 -0.012  0.026 0.192   -0.024    0.189 -0.012  0.026  0.192 -1.931 0.199   0.062  0.326  -0.008  0.110  0.062 0.326
   25.0  Mn I   6  0  2.961  0.043  0.017    2.961    0.043    0.099  0.103 -0.024  0.002 -0.011 0.106    0.097   -0.030 -0.001 -0.014  0.102 -2.469 0.111  -0.476  0.171  -0.546  0.271 -0.476 0.171
   26.0  Fe I 129  0  5.546  0.169  0.015    5.507    0.157    0.017  0.145 -0.057 -0.053 -0.024 0.167    0.127   -0.042 -0.041 -0.020  0.141 -1.993 0.211   0.000  0.000  -0.069  0.329  0.000 0.000
   26.1 Fe II  24  0  5.578  0.092  0.019    5.576    0.093    0.047 -0.010  0.190 -0.033  0.039 0.197   -0.009    0.189 -0.034  0.039  0.196 -1.924 0.217   0.069  0.329   0.000  0.000  0.069 0.329
   27.0  Co I   4  0  3.009  0.284  0.142    3.107    0.269    0.092  0.131 -0.008 -0.026 -0.028 0.137    0.119    0.001 -0.020 -0.022  0.123 -1.883 0.295   0.111  0.315   0.041  0.369  0.111 0.315
   28.0  Ni I  23  0  4.197  0.135  0.028    4.184    0.132    0.034  0.113 -0.008 -0.018 -0.010 0.115    0.105   -0.003 -0.015 -0.009  0.107 -2.036 0.170  -0.043  0.212  -0.112  0.281 -0.043 0.212
   30.0  Zn I   2  0  2.651  0.062  0.043    2.650    0.061    0.116  0.021  0.119 -0.014  0.024 0.124    0.021    0.119 -0.014  0.024  0.124 -1.910 0.139   0.083  0.261   0.014  0.137  0.083 0.261
   38.1 Sr II   2  0  0.876  0.071  0.050    0.900    0.067    0.130  0.086  0.054 -0.042  0.060 0.125    0.085    0.040 -0.037  0.055  0.115 -1.970 0.133   0.023  0.208  -0.046  0.210  0.023 0.208
   39.1  Y II   3  0  0.074  0.021  0.012    0.074    0.021    0.140  0.023  0.194 -0.021  0.047 0.202    0.023    0.194 -0.021  0.047  0.202 -2.136 0.203  -0.143  0.310  -0.212  0.102 -0.143 0.310
   40.1 Zr II   1  0  0.748  0.000  0.000    0.748    0.000    0.274 -0.011  0.241 -0.018  0.011 0.243   -0.011    0.241 -0.018  0.011  0.243 -1.832 0.243   0.161  0.354   0.091  0.112  0.161 0.354
   56.1 Ba II   4  0  0.282  0.106  0.053    0.282    0.104    0.141  0.052  0.143 -0.069  0.046 0.173    0.054    0.139 -0.070  0.045  0.171 -1.898 0.200   0.096  0.281   0.026  0.165  0.096 0.281
   57.1 La II   6  0 -0.743  0.061  0.025   -0.737    0.058    0.093  0.028  0.179 -0.003  0.050 0.188    0.031    0.177 -0.003  0.050  0.187 -1.837 0.196   0.156  0.303   0.087  0.122  0.156 0.303
   63.1 Eu II   3  0 -1.145  0.082  0.048   -1.134    0.085    0.135  0.045  0.191  0.001  0.049 0.202    0.047    0.188 -0.001  0.048  0.200 -1.654 0.217   0.339  0.312   0.269  0.142  0.339 0.312
   66.1 Dy II   1  0 -0.461  0.000  0.000   -0.461    0.000    0.279  0.000  0.218  0.021  0.021 0.220    0.000    0.218  0.021  0.021  0.220 -1.561 0.220   0.432  0.337   0.362  0.114  0.432 0.337
  106.0   C-H   2  0  6.231  0.002  0.001    6.231    0.002    0.178  0.167 -0.088  0.004  0.133 0.230    0.166   -0.087  0.005  0.133  0.230 -2.199 0.230  -0.206  0.232  -0.275  0.355 -0.206 0.232
  607.0   C-N   1  0  6.230  0.000  0.000    6.230    0.000    0.401  0.227 -0.052 -0.000  0.126 0.265    0.227   -0.052 -0.000  0.126  0.265 -1.600 0.265   0.393  0.240   0.324  0.362  0.393 0.240
    8.0   O I   1  1  7.683    nan    nan    7.683      nan      nan    nan    nan    nan    nan   nan      nan      nan    nan    nan    nan -1.007   nan   0.986    nan   0.916    nan  0.986   nan
