species  elem   N ul logeps e_stat stderr logeps_w e_stat_w stderr_w e_Teff e_logg   e_vt   e_MH  e_sp e_Teff_w e_logg_w e_vt_w e_MH_w e_sp_w  [X/H]  e_XH [X/Fe1] e_XFe1 [X/Fe2] e_XFe2 [X/Fe] e_XFe
------- ----- --- -- ------ ------ ------ -------- -------- -------- ------ ------ ------ ------ ----- -------- -------- ------ ------ ------ ------ ----- ------- ------ ------- ------ ------ -----
   11.0  Na I   3  0  4.694  0.022  0.012    4.699    0.021    0.089  0.078 -0.069 -0.014  0.012 0.106    0.064   -0.027 -0.008  0.007  0.070 -1.541 0.073  -0.280  0.166  -0.362  0.292 -0.280 0.166
   12.0  Mg I   7  0  6.403  0.167  0.063    6.447    0.155    0.074  0.094 -0.127 -0.032  0.022 0.162    0.080   -0.081 -0.034  0.013  0.120 -1.153 0.196   0.108  0.221   0.026  0.372  0.108 0.221
   13.0  Al I   1  0  4.582  0.000  0.000    4.582    0.000    0.410  0.155 -0.216 -0.027  0.050 0.271    0.155   -0.216 -0.027  0.050  0.271 -1.868 0.271  -0.606  0.238  -0.689  0.479 -0.606 0.238
   14.0  Si I   6  0  6.532  0.203  0.083    6.523    0.179    0.061  0.050  0.012 -0.017  0.018 0.057    0.045    0.022 -0.015  0.018  0.055 -0.987 0.187   0.274  0.254   0.192  0.304  0.274 0.254
   20.0  Ca I  20  0  5.318  0.085  0.019    5.304    0.084    0.037  0.086 -0.070 -0.053  0.005 0.123    0.081   -0.050 -0.048  0.003  0.107 -1.036 0.136   0.226  0.172   0.143  0.324  0.226 0.172
   21.1 Sc II   8  0  2.242  0.201  0.071    2.265    0.220    0.109 -0.025  0.186 -0.080  0.010 0.204   -0.031    0.167 -0.070  0.008  0.183 -0.885 0.286   0.376  0.365   0.294  0.268  0.376 0.365
   22.0  Ti I  47  0  3.928  0.185  0.027    3.910    0.174    0.026  0.128 -0.011 -0.044 -0.003 0.136    0.124   -0.008 -0.037 -0.002  0.129 -1.040 0.216   0.221  0.233   0.139  0.347  0.221 0.233
   22.1 Ti II  37  0  4.141  0.138  0.023    4.146    0.135    0.040  0.001  0.199 -0.055  0.053 0.213    0.003    0.188 -0.059  0.054  0.205 -0.804 0.245   0.457  0.327   0.375  0.199  0.457 0.327
   23.0   V I   2  0  2.617  0.055  0.039    2.606    0.054    0.114  0.052  0.047 -0.028 -0.080 0.110    0.045    0.041 -0.027 -0.081  0.105 -1.324 0.118  -0.063  0.212  -0.145  0.269 -0.063 0.212
   23.1  V II   2  0  2.840  0.084  0.059    2.859    0.082    0.183 -0.002  0.217 -0.003  0.029 0.219   -0.002    0.212 -0.005  0.026  0.214 -1.071 0.229   0.191  0.332   0.109  0.174  0.191 0.332
   24.0  Cr I  12  0  4.442  0.122  0.035    4.436    0.126    0.055  0.133 -0.020 -0.073 -0.009 0.153    0.132   -0.017 -0.070 -0.008  0.151 -1.204 0.196   0.057  0.198  -0.025  0.337  0.057 0.198
   24.1 Cr II   3  0  4.367  0.048  0.028    4.368    0.048    0.141 -0.039  0.210 -0.022  0.031 0.217   -0.039    0.210 -0.022  0.031  0.217 -1.272 0.222  -0.011  0.335  -0.093  0.153 -0.011 0.335
   25.0  Mn I   7  0  3.853  0.105  0.040    3.858    0.102    0.091  0.096 -0.031 -0.051  0.001 0.113    0.082   -0.018 -0.037 -0.007  0.092 -1.572 0.137  -0.310  0.186  -0.393  0.308 -0.310 0.186
   26.0  Fe I 104  0  6.257  0.144  0.014    6.239    0.147    0.019  0.117 -0.063 -0.072  0.008 0.151    0.106   -0.044 -0.066  0.007  0.133 -1.261 0.198   0.000  0.000  -0.082  0.351  0.000 0.000
   26.1 Fe II  27  0  6.321  0.136  0.026    6.321    0.141    0.048 -0.033  0.209 -0.049  0.050 0.223   -0.031    0.202 -0.051  0.050  0.216 -1.179 0.258   0.082  0.351   0.000  0.000  0.082 0.351
   27.0  Co I   4  0  3.858  0.252  0.126    3.892    0.240    0.101  0.116  0.029 -0.057 -0.012 0.133    0.114    0.032 -0.047 -0.007  0.128 -1.098 0.272   0.164  0.293   0.081  0.362  0.164 0.293
   28.0  Ni I  21  0  4.912  0.199  0.044    4.881    0.187    0.033  0.090  0.026 -0.033  0.010 0.099    0.086    0.026 -0.031  0.010  0.095 -1.339 0.210  -0.078  0.252  -0.160  0.319 -0.078 0.252
   29.0  Cu I   1  0  1.744  0.000  0.000    1.744    0.000    0.214  0.095  0.048  0.003  0.006 0.106    0.095    0.048  0.003  0.006  0.106 -2.446 0.106  -1.185  0.187  -1.267  0.253 -1.185 0.187
   30.0  Zn I   2  0  3.242  0.063  0.045    3.242    0.063    0.131  0.004  0.144 -0.030  0.038 0.153    0.004    0.144 -0.030  0.038  0.153 -1.318 0.165  -0.056  0.272  -0.139  0.170 -0.056 0.272
   38.0  Sr I   1  0  1.284  0.000  0.000    1.284    0.000    0.163  0.118 -0.002 -0.008  0.005 0.118    0.118   -0.002 -0.008  0.005  0.118 -1.586 0.118  -0.325  0.164  -0.407  0.296 -0.325 0.164
   38.1 Sr II   2  0  1.677  0.074  0.052    1.671    0.073    0.127  0.055  0.080 -0.026  0.086 0.132    0.056    0.078 -0.026  0.086  0.132 -1.199 0.151   0.062  0.229  -0.020  0.224  0.062 0.229
   39.1  Y II   3  0  0.842  0.092  0.053    0.839    0.090    0.152  0.006  0.222 -0.041  0.056 0.232    0.006    0.221 -0.041  0.055  0.232 -1.371 0.249  -0.110  0.337  -0.192  0.173 -0.110 0.337
   40.1 Zr II   1  0  1.567  0.000  0.000    1.567    0.000    0.276 -0.044  0.242 -0.033 -0.012 0.249   -0.044    0.242 -0.033 -0.012  0.249 -1.013 0.249   0.248  0.358   0.166  0.161  0.248 0.358
   56.1 Ba II   4  0  1.267  0.064  0.032    1.266    0.063    0.135  0.027  0.121 -0.085  0.062 0.163    0.030    0.105 -0.081  0.062  0.150 -0.914 0.162   0.347  0.239   0.265  0.195  0.347 0.239
   57.1 La II   6  0  0.308  0.068  0.028    0.315    0.069    0.098  0.003  0.197 -0.022  0.053 0.205    0.005    0.196 -0.022  0.055  0.204 -0.785 0.216   0.477  0.314   0.395  0.164  0.477 0.314
   63.1 Eu II   4  0 -0.026  0.056  0.028   -0.027    0.055    0.126  0.009  0.214 -0.006  0.059 0.222    0.010    0.213 -0.006  0.059  0.221 -0.547 0.228   0.714  0.327   0.632  0.163  0.714 0.327
   66.1 Dy II   2  0  0.794  0.013  0.010    0.796    0.013    0.212  0.000  0.242  0.032  0.053 0.250    0.000    0.240  0.028  0.053  0.248 -0.304 0.248   0.958  0.354   0.876  0.170  0.958 0.354
  106.0   C-H   2  0  7.102  0.022  0.016    7.100    0.022    0.149  0.104 -0.055  0.001  0.142 0.185    0.103   -0.055  0.001  0.142  0.184 -1.330 0.185  -0.068  0.212  -0.151  0.340 -0.068 0.212
  607.0   C-N   1  0  6.792  0.000  0.000    6.792    0.000    0.377  0.168 -0.028  0.001  0.151 0.228    0.168   -0.028  0.001  0.151  0.228 -1.038 0.228   0.223  0.226   0.141  0.354  0.223 0.226
    8.0   O I   1  1  8.367    nan    nan    8.367      nan      nan    nan    nan    nan    nan   nan      nan      nan    nan    nan    nan -0.323   nan   0.938    nan   0.856    nan  0.938   nan
