species  elem  N ul logeps e_stat stderr logeps_w e_stat_w stderr_w e_Teff e_logg   e_vt   e_MH  e_sp e_Teff_w e_logg_w e_vt_w e_MH_w e_sp_w  [X/H]  e_XH [X/Fe1] e_XFe1 [X/Fe2] e_XFe2 [X/Fe] e_XFe
------- ----- -- -- ------ ------ ------ -------- -------- -------- ------ ------ ------ ------ ----- -------- -------- ------ ------ ------ ------ ----- ------- ------ ------- ------ ------ -----
   11.0  Na I  2  0  3.488  0.091  0.064    3.469    0.089    0.197  0.175 -0.166 -0.049  0.006 0.246    0.172   -0.157 -0.049  0.006  0.238 -2.771 0.254   0.182  0.288   0.235  0.502  0.182 0.288
   12.0  Mg I  4  0  4.995  0.052  0.026    4.968    0.028    0.112  0.153 -0.175 -0.015  0.006 0.233    0.100   -0.060 -0.010  0.005  0.117 -2.632 0.121   0.321  0.267   0.374  0.407  0.321 0.267
   13.0  Al I  1  0  2.800  0.000  0.000    2.800    0.000    0.528  0.198 -0.092 -0.057  0.008 0.226    0.198   -0.092 -0.057  0.008  0.226 -3.650 0.226  -0.697  0.255  -0.644  0.457 -0.697 0.255
   14.0  Si I  1  0  5.132  0.000  0.000    5.132    0.000    0.486  0.299 -0.273 -0.014  0.005 0.405    0.299   -0.273 -0.014  0.005  0.405 -2.378 0.405   0.576  0.359   0.628  0.629  0.576 0.359
   20.0  Ca I 10  0  3.692  0.218  0.069    3.685    0.222    0.056  0.112 -0.020 -0.013  0.005 0.115    0.112   -0.020 -0.013  0.005  0.114 -2.655 0.249   0.298  0.343   0.351  0.441  0.298 0.343
   21.1 Sc II  5  0  0.118  0.120  0.054    0.107    0.120    0.163  0.036  0.234 -0.029 -0.010 0.239    0.047    0.223 -0.024 -0.006  0.229 -3.043 0.259  -0.090  0.409  -0.037  0.314 -0.090 0.409
   22.0  Ti I  2  0  2.259  0.143  0.101    2.237    0.141    0.178  0.186 -0.022 -0.027  0.006 0.189    0.184   -0.021 -0.024  0.006  0.187 -2.713 0.234   0.240  0.288   0.293  0.429  0.240 0.288
   22.1 Ti II 13  0  2.246  0.278  0.077    2.264    0.273    0.075  0.079  0.177 -0.064  0.000 0.204    0.079    0.178 -0.062  0.000  0.204 -2.686 0.341   0.267  0.445   0.320  0.406  0.267 0.445
   24.0  Cr I  1  0  2.230  0.000  0.000    2.230    0.000    0.240  0.175 -0.025 -0.023  0.008 0.178    0.175   -0.025 -0.023  0.008  0.178 -3.410 0.178  -0.457  0.251  -0.404  0.404 -0.457 0.251
   25.0  Mn I  1  0  1.562  0.000  0.000    1.562    0.000    0.338  0.205 -0.002 -0.007 -0.007 0.206    0.205   -0.002 -0.007 -0.007  0.206 -3.868 0.206  -0.914  0.257  -0.862  0.404 -0.914 0.257
   26.0  Fe I 48  0  4.623  0.277  0.040    4.547    0.250    0.038  0.197 -0.066 -0.053  0.006 0.214    0.182   -0.045 -0.040  0.006  0.192 -2.953 0.315   0.000  0.000   0.053  0.488  0.000 0.000
   26.1 Fe II  7  0  4.504  0.291  0.110    4.494    0.289    0.099  0.023  0.213 -0.019  0.001 0.215    0.023    0.213 -0.019  0.001  0.215 -3.006 0.361  -0.053  0.488   0.000  0.000 -0.053 0.488
   27.0  Co I  2  0  1.885  0.000  0.000    1.885    0.000    0.199  0.185 -0.005 -0.005 -0.003 0.185    0.185   -0.005 -0.005 -0.003  0.185 -3.105 0.185  -0.152  0.256  -0.099  0.397 -0.152 0.256
   28.0  Ni I  1  0  3.073  0.000  0.000    3.073    0.000    0.240  0.169 -0.002 -0.019  0.007 0.170    0.169   -0.002 -0.019  0.007  0.170 -3.147 0.170  -0.194  0.255  -0.141  0.389 -0.194 0.255
   38.1 Sr II  2  0  0.186  0.094  0.066    0.215    0.089    0.245  0.112  0.017 -0.099 -0.060 0.162    0.138    0.015 -0.089 -0.041  0.170 -2.655 0.192   0.299  0.284   0.351  0.388  0.299 0.284
   56.1 Ba II  3  0 -0.454  0.077  0.044   -0.454    0.081    0.200  0.113  0.143 -0.065 -0.008 0.193    0.109    0.143 -0.067 -0.008  0.192 -2.634 0.209   0.319  0.333   0.372  0.324  0.319 0.333
  106.0   C-H  2  0  5.746  0.028  0.020    5.747    0.028    0.288  0.331 -0.195  0.005  0.015 0.384    0.330   -0.195  0.005  0.015  0.384 -2.683 0.385   0.270  0.331   0.323  0.588  0.270 0.331
    8.0   O I  1  1  8.855    nan    nan    8.855      nan      nan    nan    nan    nan    nan   nan      nan      nan    nan    nan    nan  0.165   nan   3.118    nan   3.171    nan  3.118   nan
   23.0   V I  1  1  1.766    nan    nan    1.766      nan      nan    nan    nan    nan    nan   nan      nan      nan    nan    nan    nan -2.164   nan   0.790    nan   0.842    nan  0.790   nan
   39.1  Y II  1  1  0.885    nan    nan    0.885      nan      nan    nan    nan    nan    nan   nan      nan      nan    nan    nan    nan -1.325   nan   1.628    nan   1.681    nan  1.681   nan
   40.1 Zr II  1  1  0.751    nan    nan    0.751      nan      nan    nan    nan    nan    nan   nan      nan      nan    nan    nan    nan -1.829   nan   1.125    nan   1.177    nan  1.177   nan
   57.1 La II  1  1  1.153    nan    nan    1.153      nan      nan    nan    nan    nan    nan   nan      nan      nan    nan    nan    nan  0.053   nan   3.006    nan   3.059    nan  3.059   nan
   63.1 Eu II  1  1 -1.234    nan    nan   -1.234      nan      nan    nan    nan    nan    nan   nan      nan      nan    nan    nan    nan -1.754   nan   1.199    nan   1.252    nan  1.252   nan
  607.0   C-N  1  1  6.283    nan    nan    6.283      nan      nan    nan    nan    nan    nan   nan      nan      nan    nan    nan    nan -1.547   nan   1.406    nan   1.459    nan  1.406   nan
