species  elem   N ul logeps e_stat stderr logeps_w e_stat_w stderr_w e_Teff e_logg   e_vt   e_MH  e_sp e_Teff_w e_logg_w e_vt_w e_MH_w e_sp_w  [X/H]  e_XH [X/Fe1] e_XFe1 [X/Fe2] e_XFe2 [X/Fe] e_XFe
------- ----- --- -- ------ ------ ------ -------- -------- -------- ------ ------ ------ ------ ----- -------- -------- ------ ------ ------ ------ ----- ------- ------ ------- ------ ------ -----
   11.0  Na I   3  0  4.348  0.072  0.041    4.309    0.074    0.119  0.141 -0.116 -0.031 -0.005 0.186    0.114   -0.079 -0.020 -0.009  0.140 -1.931 0.159  -0.053  0.216  -0.078  0.354 -0.053 0.216
   12.0  Mg I   6  0  6.063  0.123  0.050    6.053    0.106    0.085  0.133 -0.131 -0.034 -0.003 0.189    0.108   -0.094 -0.028 -0.008  0.146 -1.547 0.180   0.332  0.232   0.306  0.371  0.332 0.232
   13.0  Al I   1  0  4.020  0.000  0.000    4.020    0.000    0.448  0.169 -0.218 -0.048  0.015 0.281    0.169   -0.218 -0.048  0.015  0.281 -2.430 0.281  -0.552  0.272  -0.577  0.483 -0.552 0.272
   14.0  Si I   7  0  6.038  0.164  0.062    6.049    0.121    0.059  0.068  0.003 -0.011  0.019 0.072    0.056    0.023 -0.008  0.014  0.063 -1.461 0.136   0.418  0.256   0.392  0.270  0.418 0.256
   19.0   K I   2  0  4.174  0.013  0.009    4.175    0.013    0.146  0.143 -0.071 -0.066 -0.035 0.176    0.142   -0.071 -0.066 -0.035  0.176 -0.855 0.176   1.023  0.199   0.998  0.361  1.023 0.199
   20.0  Ca I  22  0  4.816  0.144  0.031    4.812    0.135    0.038  0.109 -0.063 -0.045 -0.028 0.136    0.105   -0.053 -0.039 -0.027  0.127 -1.528 0.186   0.351  0.240   0.325  0.354  0.351 0.240
   21.1 Sc II   8  0  1.682  0.240  0.085    1.707    0.285    0.116 -0.023  0.175 -0.082  0.008 0.195   -0.015    0.143 -0.074  0.023  0.164 -1.443 0.328   0.435  0.420   0.410  0.323  0.435 0.420
   22.0  Ti I  54  0  3.458  0.187  0.025    3.437    0.165    0.029  0.164 -0.046 -0.036 -0.033 0.177    0.155   -0.042 -0.027 -0.029  0.165 -1.513 0.234   0.365  0.257   0.340  0.381  0.365 0.257
   22.1 Ti II  47  0  3.598  0.241  0.035    3.602    0.240    0.035  0.009  0.167 -0.056  0.063 0.187    0.010    0.164 -0.055  0.064  0.185 -1.348 0.303   0.531  0.399   0.506  0.278  0.531 0.399
   23.0   V I   2  0  1.930  0.023  0.017    1.942    0.020    0.173  0.171  0.000 -0.028 -0.100 0.200    0.134   -0.014 -0.027 -0.103  0.172 -1.988 0.173  -0.109  0.213  -0.135  0.343 -0.109 0.213
   23.1  V II   2  0  2.213  0.159  0.112    2.265    0.150    0.177 -0.016  0.169 -0.012  0.056 0.179   -0.009    0.165 -0.008  0.052  0.173 -1.665 0.229   0.214  0.360   0.188  0.204  0.214 0.360
   24.0  Cr I  15  0  3.763  0.086  0.022    3.758    0.085    0.058  0.169 -0.053 -0.054 -0.039 0.189    0.168   -0.051 -0.051 -0.038  0.186 -1.882 0.205  -0.003  0.215  -0.028  0.369 -0.003 0.215
   24.1 Cr II   5  0  3.764  0.166  0.074    3.765    0.168    0.104 -0.038  0.190 -0.014  0.050 0.201   -0.038    0.190 -0.014  0.050  0.201 -1.875 0.262   0.003  0.393  -0.022  0.214  0.003 0.393
   25.0  Mn I   5  0  3.210  0.044  0.020    3.206    0.043    0.112  0.122 -0.045 -0.019 -0.029 0.134    0.119   -0.045 -0.017 -0.029  0.132 -2.224 0.139  -0.346  0.203  -0.371  0.331 -0.346 0.203
   26.0  Fe I 101  0  5.679  0.219  0.022    5.621    0.194    0.021  0.154 -0.040 -0.061 -0.027 0.173    0.137   -0.036 -0.049 -0.024  0.151 -1.879 0.246   0.000  0.000  -0.025  0.381  0.000 0.000
   26.1 Fe II  25  0  5.647  0.125  0.025    5.647    0.129    0.050 -0.032  0.199 -0.035  0.065 0.215   -0.031    0.198 -0.036  0.065  0.214 -1.853 0.250   0.025  0.381   0.000  0.000  0.025 0.381
   27.0  Co I   4  0  3.118  0.427  0.213    3.262    0.400    0.122  0.142 -0.027 -0.046 -0.042 0.157    0.131   -0.020 -0.037 -0.032  0.141 -1.728 0.424   0.150  0.445   0.125  0.510  0.150 0.445
   28.0  Ni I  25  0  4.378  0.255  0.051    4.324    0.240    0.034  0.121  0.002 -0.027 -0.010 0.124    0.113    0.002 -0.022 -0.009  0.116 -1.896 0.266  -0.018  0.313  -0.043  0.373 -0.018 0.313
   30.0  Zn I   2  0  2.716  0.108  0.077    2.714    0.108    0.127  0.004  0.131 -0.017  0.047 0.140    0.004    0.131 -0.017  0.047  0.140 -1.846 0.177   0.033  0.318   0.007  0.187  0.033 0.318
   38.0  Sr I   1  0  0.817  0.000  0.000    0.817    0.000    0.193  0.151 -0.038 -0.006 -0.021 0.157    0.151   -0.038 -0.006 -0.021  0.157 -2.053 0.157  -0.174  0.200  -0.200  0.338 -0.174 0.200
   38.1 Sr II   2  0  1.024  0.210  0.148    1.152    0.166    0.167  0.093  0.120 -0.025  0.130 0.202    0.090    0.068 -0.020  0.113  0.161 -1.718 0.231   0.161  0.313   0.136  0.280  0.161 0.313
   39.1  Y II   3  0  0.300  0.040  0.023    0.300    0.040    0.146  0.006  0.197 -0.039  0.069 0.212    0.006    0.197 -0.039  0.069  0.212 -1.910 0.216  -0.031  0.345  -0.056  0.140 -0.031 0.345
   40.1 Zr II   1  0  0.824  0.000  0.000    0.824    0.000    0.263 -0.037  0.213 -0.040 -0.040 0.223   -0.037    0.213 -0.040 -0.040  0.223 -1.756 0.223   0.122  0.361   0.097  0.167  0.122 0.361
   56.1 Ba II   4  0  0.490  0.043  0.022    0.489    0.044    0.148  0.014  0.139 -0.101  0.056 0.181    0.013    0.135 -0.104  0.054  0.179 -1.691 0.185   0.187  0.305   0.162  0.171  0.187 0.305
   57.1 La II   6  0 -0.462  0.089  0.036   -0.464    0.083    0.100  0.008  0.178 -0.016  0.069 0.192    0.015    0.177 -0.013  0.071  0.192 -1.564 0.209   0.315  0.339   0.290  0.163  0.315 0.339
   63.1 Eu II   4  0 -0.811  0.043  0.021   -0.817    0.043    0.117  0.007  0.182 -0.004  0.064 0.193    0.006    0.178 -0.006  0.062  0.189 -1.337 0.194   0.541  0.334   0.516  0.145  0.541 0.334
   66.1 Dy II   1  0 -0.107  0.000  0.000   -0.107    0.000    0.303  0.039  0.218  0.007  0.065 0.231    0.039    0.218  0.007  0.065  0.231 -1.207 0.231   0.672  0.351   0.646  0.154  0.672 0.351
  106.0   C-H   2  0  5.985  0.008  0.006    5.985    0.008    0.193  0.146 -0.082 -0.002  0.189 0.252    0.146   -0.082 -0.002  0.188  0.252 -2.445 0.252  -0.566  0.295  -0.592  0.378 -0.566 0.295
  607.0   C-N   1  0  6.435  0.000  0.000    6.435    0.000    0.417  0.209 -0.027  0.003  0.197 0.288    0.209   -0.027  0.003  0.197  0.288 -1.395 0.288   0.484  0.307   0.458  0.380  0.484 0.307
    8.0   O I   1  1  7.958    nan    nan    7.958      nan      nan    nan    nan    nan    nan   nan      nan      nan    nan    nan    nan -0.732   nan   1.146    nan   1.121    nan  1.146   nan
