species  elem  N ul logeps e_stat stderr logeps_w e_stat_w stderr_w e_Teff e_logg   e_vt   e_MH  e_sp e_Teff_w e_logg_w e_vt_w e_MH_w e_sp_w  [X/H]  e_XH [X/Fe1] e_XFe1 [X/Fe2] e_XFe2 [X/Fe] e_XFe
------- ----- -- -- ------ ------ ------ -------- -------- -------- ------ ------ ------ ------ ----- -------- -------- ------ ------ ------ ------ ----- ------- ------ ------- ------ ------ -----
   11.0  Na I  2  0  3.707  0.055  0.039    3.696    0.054    0.159  0.118 -0.146 -0.051 -0.026 0.196    0.116   -0.140 -0.051 -0.026  0.191 -2.544 0.198   0.341  0.196   0.332  0.380  0.341 0.196
   12.0  Mg I  5  0  5.228  0.084  0.038    5.200    0.046    0.083  0.124 -0.125 -0.015  0.006 0.177    0.094   -0.054 -0.011  0.005  0.109 -2.400 0.118   0.485  0.148   0.477  0.295  0.485 0.148
   13.0  Al I  1  0  2.797  0.000  0.000    2.797    0.000    0.433  0.148 -0.010 -0.063  0.000 0.161    0.148   -0.010 -0.063  0.000  0.161 -3.653 0.161  -0.768  0.137  -0.777  0.279 -0.768 0.137
   14.0  Si I  1  0  5.251  0.000  0.000    5.251    0.000    0.437  0.253 -0.281 -0.016  0.032 0.380    0.253   -0.281 -0.016  0.032  0.380 -2.259 0.380   0.626  0.324   0.618  0.543  0.626 0.324
   20.0  Ca I 11  0  3.982  0.124  0.038    3.983    0.124    0.045  0.083 -0.015 -0.014  0.005 0.086    0.083   -0.015 -0.013  0.005  0.085 -2.357 0.150   0.528  0.185   0.519  0.285  0.528 0.185
   21.1 Sc II  5  0  0.083  0.072  0.032    0.085    0.066    0.146  0.006  0.228 -0.016  0.000 0.229    0.021    0.218 -0.013  0.005  0.220 -3.065 0.230  -0.180  0.293  -0.189  0.157 -0.180 0.293
   22.0  Ti I  9  0  2.527  0.366  0.122    2.536    0.354    0.065  0.140 -0.001 -0.008  0.017 0.141    0.139   -0.001 -0.007  0.017  0.140 -2.414 0.381   0.471  0.377   0.462  0.442  0.471 0.377
   22.1 Ti II 20  0  2.322  0.179  0.040    2.323    0.174    0.053  0.066  0.182 -0.024  0.021 0.196    0.066    0.182 -0.024  0.021  0.196 -2.627 0.262   0.258  0.297   0.249  0.227  0.258 0.297
   24.0  Cr I  2  0  2.644  0.202  0.142    2.652    0.201    0.127  0.131 -0.009 -0.013  0.011 0.133    0.131   -0.009 -0.013  0.011  0.133 -2.988 0.241  -0.103  0.239  -0.112  0.334 -0.103 0.239
   25.0  Mn I  2  0  2.317  0.061  0.043    2.317    0.061    0.183  0.105  0.013  0.006  0.013 0.107    0.105    0.013  0.006  0.013  0.107 -3.113 0.123  -0.228  0.149  -0.237  0.249 -0.228 0.149
   26.0  Fe I 75  0  4.614  0.139  0.016    4.615    0.129    0.022  0.137 -0.017 -0.028  0.007 0.141    0.130   -0.011 -0.022  0.009  0.132 -2.885 0.185   0.000  0.000  -0.009  0.297  0.000 0.000
   26.1 Fe II 10  0  4.628  0.144  0.045    4.624    0.139    0.074  0.027  0.194 -0.014  0.018 0.197    0.027    0.193 -0.015  0.018  0.196 -2.876 0.241   0.009  0.297   0.000  0.000  0.009 0.297
   27.0  Co I  2  0  2.200  0.011  0.008    2.201    0.011    0.155  0.160  0.024  0.001  0.006 0.162    0.158    0.022 -0.001  0.005  0.159 -2.789 0.160   0.096  0.138   0.088  0.257  0.096 0.138
   28.0  Ni I  2  0  3.391  0.046  0.033    3.397    0.046    0.117  0.111  0.008 -0.010  0.011 0.112    0.108    0.009 -0.009  0.011  0.109 -2.823 0.119   0.062  0.140   0.053  0.249  0.062 0.140
   38.1 Sr II  1  0  0.834  0.000  0.000    0.834    0.000    0.220  0.047  0.063 -0.142 -0.065 0.175    0.047    0.063 -0.142 -0.065  0.175 -2.036 0.175   0.849  0.221   0.840  0.245  0.849 0.221
   39.1  Y II  3  0 -0.217  0.056  0.033   -0.211    0.055    0.148  0.067  0.186 -0.004  0.025 0.199    0.064    0.187 -0.003  0.025  0.200 -2.421 0.207   0.464  0.253   0.455  0.155  0.464 0.253
   40.1 Zr II  1  0  0.669  0.000  0.000    0.669    0.000    0.299  0.001  0.267 -0.010  0.005 0.268    0.001    0.267 -0.010  0.005  0.268 -1.911 0.268   0.974  0.333   0.966  0.161  0.974 0.333
   56.1 Ba II  4  0 -0.575  0.104  0.052   -0.587    0.110    0.140  0.069  0.148 -0.028  0.003 0.166    0.068    0.144 -0.030 -0.001  0.162 -2.767 0.196   0.118  0.238   0.110  0.190  0.118 0.238
  106.0   C-H  2  0  6.282  0.005  0.004    6.282    0.005    0.238  0.263 -0.175  0.002  0.056 0.321    0.263   -0.175  0.002  0.056  0.321 -2.148 0.321   0.737  0.253   0.728  0.461  0.737 0.253
    8.0   O I  1  1  8.294    nan    nan    8.294      nan      nan    nan    nan    nan    nan   nan      nan      nan    nan    nan    nan -0.396   nan   2.489    nan   2.480    nan  2.489   nan
   23.0   V I  2  1  1.591    nan    nan    1.591      nan      nan    nan    nan    nan    nan   nan      nan      nan    nan    nan    nan -2.339   nan   0.546    nan   0.537    nan  0.546   nan
   23.1  V II  2  1  2.098    nan    nan    2.098      nan      nan    nan    nan    nan    nan   nan      nan      nan    nan    nan    nan -1.832   nan   1.053    nan   1.044    nan  1.044   nan
   57.1 La II  1  1 -0.500    nan    nan   -0.500      nan      nan    nan    nan    nan    nan   nan      nan      nan    nan    nan    nan -1.600   nan   1.285    nan   1.276    nan  1.276   nan
   63.1 Eu II  1  1 -1.397    nan    nan   -1.397      nan      nan    nan    nan    nan    nan   nan      nan      nan    nan    nan    nan -1.917   nan   0.968    nan   0.959    nan  0.959   nan
  607.0   C-N  1  1  6.444    nan    nan    6.444      nan      nan    nan    nan    nan    nan   nan      nan      nan    nan    nan    nan -1.386   nan   1.499    nan   1.490    nan  1.499   nan
