species  elem   N ul logeps e_stat stderr logeps_w e_stat_w stderr_w e_Teff e_logg   e_vt   e_MH  e_sp e_Teff_w e_logg_w e_vt_w e_MH_w e_sp_w  [X/H]  e_XH [X/Fe1] e_XFe1 [X/Fe2] e_XFe2 [X/Fe] e_XFe
------- ----- --- -- ------ ------ ------ -------- -------- -------- ------ ------ ------ ------ ----- -------- -------- ------ ------ ------ ------ ----- ------- ------ ------- ------ ------ -----
   11.0  Na I   4  0  4.516  0.148  0.074    4.440    0.132    0.088  0.112 -0.106 -0.021 -0.017 0.157    0.082   -0.056 -0.010 -0.010  0.101 -1.800 0.166   0.570  0.199   0.535  0.312  0.570 0.199
   12.0  Mg I   6  0  5.733  0.095  0.039    5.706    0.094    0.076  0.120 -0.116 -0.025 -0.013 0.169    0.095   -0.076 -0.023 -0.013  0.124 -1.894 0.156   0.476  0.176   0.440  0.318  0.476 0.176
   13.0  Al I   1  0  3.802  0.000  0.000    3.802    0.000    0.421  0.156 -0.209 -0.069 -0.023 0.271    0.156   -0.209 -0.069 -0.023  0.271 -2.648 0.271  -0.278  0.226  -0.314  0.445 -0.278 0.226
   14.0  Si I   4  0  5.875  0.121  0.060    5.874    0.114    0.081  0.081 -0.027 -0.015 -0.012 0.087    0.073   -0.020 -0.010 -0.009  0.077 -1.636 0.138   0.734  0.191   0.699  0.274  0.734 0.191
   19.0   K I   1  0  3.475  0.000  0.000    3.475    0.000    0.160  0.114 -0.027 -0.030 -0.020 0.123    0.114   -0.027 -0.030 -0.020  0.123 -1.555 0.123   0.815  0.142   0.779  0.271  0.815 0.142
   20.0  Ca I  23  0  4.404  0.146  0.030    4.390    0.139    0.032  0.088 -0.040 -0.026 -0.015 0.101    0.085   -0.036 -0.021 -0.013  0.096 -1.950 0.169   0.420  0.202   0.385  0.301  0.420 0.202
   21.1 Sc II   8  0  0.978  0.210  0.074    0.931    0.185    0.110 -0.003  0.214 -0.058  0.003 0.222    0.010    0.190 -0.047  0.011  0.196 -2.219 0.270   0.150  0.348   0.115  0.219  0.150 0.348
   22.0  Ti I  40  0  2.780  0.161  0.025    2.772    0.162    0.031  0.142 -0.046 -0.018 -0.016 0.151    0.139   -0.045 -0.014 -0.015  0.147 -2.178 0.219   0.192  0.216   0.156  0.337  0.192 0.216
   22.1 Ti II  54  0  2.998  0.135  0.018    2.997    0.135    0.030  0.037  0.169 -0.035  0.028 0.178    0.037    0.169 -0.034  0.028  0.179 -1.953 0.224   0.416  0.302   0.381  0.181  0.416 0.302
   23.0   V I   2  0  1.475  0.036  0.026    1.469    0.036    0.117  0.115  0.018 -0.002 -0.032 0.121    0.112    0.015 -0.002 -0.033  0.118 -2.461 0.123  -0.091  0.159  -0.126  0.245 -0.091 0.159
   23.1  V II   2  0  1.840  0.072  0.051    1.832    0.072    0.175 -0.012  0.193 -0.014  0.021 0.195   -0.011    0.193 -0.013  0.020  0.195 -2.098 0.207   0.272  0.315   0.236  0.136  0.272 0.315
   24.0  Cr I  15  0  3.064  0.130  0.033    3.062    0.130    0.048  0.138 -0.045 -0.017 -0.016 0.147    0.137   -0.045 -0.015 -0.015  0.146 -2.578 0.196  -0.208  0.193  -0.244  0.322 -0.208 0.193
   24.1 Cr II   3  0  3.269  0.034  0.020    3.269    0.034    0.126 -0.015  0.187 -0.009  0.021 0.189   -0.015    0.187 -0.009  0.021  0.189 -2.371 0.192  -0.001  0.307  -0.037  0.121 -0.001 0.307
   25.0  Mn I   6  0  2.653  0.030  0.012    2.655    0.030    0.101  0.098 -0.054 -0.005 -0.013 0.113    0.096   -0.056 -0.005 -0.013  0.112 -2.775 0.116  -0.405  0.150  -0.441  0.289 -0.405 0.150
   26.0  Fe I 132  0  5.168  0.156  0.014    5.130    0.141    0.016  0.139 -0.047 -0.042 -0.027 0.155    0.124   -0.040 -0.030 -0.019  0.135 -2.370 0.195   0.000  0.000  -0.035  0.318  0.000 0.000
   26.1 Fe II  24  0  5.167  0.113  0.023    5.166    0.113    0.046  0.001  0.187 -0.024  0.028 0.191    0.002    0.187 -0.024  0.028  0.190 -2.334 0.222   0.035  0.318   0.000  0.000  0.035 0.318
   27.0  Co I   4  0  2.681  0.126  0.063    2.708    0.125    0.104  0.146 -0.039 -0.024 -0.022 0.155    0.142   -0.034 -0.019 -0.019  0.148 -2.282 0.194   0.088  0.190   0.053  0.315  0.088 0.190
   28.0  Ni I  21  0  3.876  0.152  0.033    3.875    0.133    0.037  0.119 -0.026 -0.015 -0.012 0.123    0.112   -0.022 -0.010 -0.009  0.115 -2.345 0.176   0.025  0.196  -0.011  0.297  0.025 0.196
   30.0  Zn I   2  0  2.203  0.005  0.004    2.203    0.005    0.107  0.046  0.092 -0.005  0.015 0.104    0.046    0.092 -0.005  0.015  0.104 -2.357 0.104   0.013  0.212  -0.022  0.156  0.013 0.212
   38.1 Sr II   2  0  0.622  0.102  0.072    0.643    0.100    0.161  0.110  0.128 -0.034  0.034 0.175    0.107    0.124 -0.027  0.032  0.169 -2.227 0.197   0.143  0.244   0.107  0.195  0.143 0.244
   39.1  Y II   3  0 -0.387  0.057  0.033   -0.383    0.056    0.130  0.037  0.179 -0.011  0.032 0.186    0.038    0.179 -0.011  0.032  0.186 -2.593 0.194  -0.223  0.285  -0.258  0.133 -0.223 0.285
   40.1 Zr II   1  0  0.273  0.000  0.000    0.273    0.000    0.245  0.017  0.213 -0.010  0.023 0.215    0.017    0.213 -0.010  0.023  0.215 -2.307 0.215   0.063  0.312   0.027  0.119  0.063 0.312
   56.1 Ba II   4  0 -0.339  0.073  0.036   -0.346    0.072    0.143  0.051  0.156 -0.057  0.016 0.174    0.050    0.150 -0.059  0.012  0.169 -2.526 0.184  -0.156  0.261  -0.191  0.152 -0.156 0.261
   57.1 La II   5  0 -1.368  0.142  0.064   -1.358    0.134    0.103  0.039  0.169  0.001  0.037 0.178    0.041    0.167  0.001  0.037  0.176 -2.458 0.221  -0.088  0.303  -0.123  0.183 -0.088 0.303
   63.1 Eu II   3  0 -1.640  0.042  0.024   -1.637    0.041    0.132  0.076  0.171 -0.006  0.034 0.190    0.078    0.168 -0.007  0.033  0.188 -2.157 0.193   0.212  0.265   0.177  0.145  0.212 0.265
   66.1 Dy II   1  0 -0.911  0.000  0.000   -0.911    0.000    0.250  0.015  0.206  0.001  0.033 0.209    0.015    0.206  0.001  0.033  0.209 -2.011 0.209   0.359  0.310   0.324  0.119  0.359 0.310
  106.0   C-H   2  0  5.693  0.036  0.026    5.697    0.036    0.202  0.209 -0.145  0.003  0.086 0.268    0.207   -0.144  0.003  0.086  0.267 -2.733 0.269  -0.364  0.226  -0.399  0.412 -0.364 0.226
  607.0   C-N   1  0  6.104  0.000  0.000    6.104    0.000    0.432  0.278 -0.100  0.005  0.091 0.309    0.278   -0.100  0.005  0.091  0.309 -1.726 0.309   0.644  0.246   0.608  0.420  0.644 0.246
    8.0   O I   1  1  7.224    nan    nan    7.224      nan      nan    nan    nan    nan    nan   nan      nan      nan    nan    nan    nan -1.466   nan   0.903    nan   0.868    nan  0.903   nan
