index wavelength species expot  loggf logeps e_stat       eqw     e_eqw  fwhm e_Teff e_logg   e_vt   e_MH  e_sp e_sys e_tot weight
----- ---------- ------- ----- ------ ------ ------ --------- --------- ----- ------ ------ ------ ------ ----- ----- ----- ------
   24   3858.297    28.0 0.422  -0.96  3.505  0.175   126.751     7.519 0.164  0.188 -0.102 -0.106 -0.050 0.244 0.100 0.316  9.989
   29   3900.539    22.1 1.130  -0.29  3.203  0.163   147.876     6.924 0.182  0.062  0.053 -0.122  0.025 0.149 0.100 0.242 17.026
   31   3904.783    22.0 0.899   0.15  2.406  0.073    31.976     3.735 0.128  0.137 -0.039 -0.008 -0.009 0.143 0.100 0.189 27.960
   35    3924.53    22.0 0.021  -0.87  2.722  0.081    51.034     4.555 0.122  0.162 -0.049 -0.018 -0.016 0.171 0.100 0.214 21.840
   36   3940.878    26.0 0.957  -2.49  5.030  0.173    93.654     6.670 0.183  0.167 -0.064 -0.080 -0.037 0.199 0.100 0.282 12.550
   38   3943.341    26.0 2.196  -2.35  5.128  0.089    34.118     4.641 0.152  0.130 -0.032 -0.010 -0.008 0.134 0.100 0.190 27.770
   40   3948.097    26.0 3.241  -0.59  5.017  0.101    56.008     5.132 0.171  0.101 -0.035 -0.024 -0.010 0.110 0.100 0.180 30.956
   41   3949.953    26.0 2.174  -1.25  4.996  0.121    82.452     4.658 0.142  0.130 -0.052 -0.067 -0.032 0.158 0.100 0.223 20.097
   42   3955.341    26.0 3.281  -1.05  4.939  0.068    26.322     3.062 0.109  0.102 -0.024 -0.008 -0.008 0.105 0.100 0.160 38.861
   43   3958.205    22.0 0.048  -0.11  3.099  0.115   101.139     4.271 0.187  0.166 -0.073 -0.086 -0.039 0.204 0.100 0.255 15.378
   45   3977.741    26.0 2.196  -1.12  5.228  0.145    95.684     5.115 0.182  0.131 -0.064 -0.085 -0.032 0.172 0.100 0.246 16.520
   46   3981.991    22.1 0.573  -2.54  3.123  0.157    89.172     5.813 0.172  0.053  0.175 -0.059  0.025 0.194 0.100 0.269 13.852
   48   3987.606    22.1 0.607  -2.73  2.712  0.083    58.446     4.284 0.135  0.055  0.173 -0.023  0.033 0.186 0.100 0.227 19.432
   49   3989.758    22.0 0.021  -0.13  2.980  0.126    97.774     4.812 0.169  0.165 -0.071 -0.077 -0.039 0.199 0.100 0.256 15.246
   50   3998.636    22.0 0.048   0.02  2.638  0.081    88.782     3.272 0.145  0.163 -0.070 -0.071 -0.034 0.194 0.100 0.233 18.441
   51   4001.661    26.0 2.174   -1.9  5.044  0.074    55.608     3.581 0.159  0.130 -0.038 -0.023 -0.012 0.138 0.100 0.186 28.991
   53   4008.927    22.0 0.021   -1.0  2.717  0.051    43.936     3.027 0.154  0.159 -0.050 -0.013 -0.014 0.168 0.100 0.202 24.541
   55   4025.129    22.1 0.607  -2.11  3.026  0.078   101.063     3.377 0.165  0.055  0.160 -0.081  0.023 0.189 0.100 0.228 19.305
   56   4028.338    22.1 1.890  -0.92  2.966  0.101    83.806     4.040 0.175  0.022  0.164 -0.057  0.023 0.177 0.100 0.227 19.470
   57   4030.185    26.0 2.196  -2.31  5.134  0.062    37.018     3.090 0.127  0.131 -0.031 -0.011 -0.008 0.135 0.100 0.179 31.102
   58   4032.627    26.0 1.484  -2.38  5.250  0.101    82.453     4.316 0.184  0.148 -0.055 -0.056 -0.024 0.169 0.100 0.221 20.474
   59   4053.821    22.1 1.891  -1.07  2.696  0.055    64.253     2.778 0.149  0.026  0.173 -0.030  0.028 0.180 0.100 0.213 22.068
   60   4056.187    22.1 0.607  -3.28  2.763  0.048    31.196     2.445 0.122  0.058  0.178 -0.008  0.035 0.191 0.100 0.221 20.558
   63   4067.978    26.0 3.209  -0.53  4.864  0.060    54.234     3.192 0.133  0.103 -0.037 -0.021 -0.009 0.112 0.100 0.162 38.313
   64   4070.771    26.0 3.239  -0.87  4.961  0.047    39.073     2.511 0.130  0.101 -0.030 -0.012 -0.007 0.106 0.100 0.153 42.546
   65   4073.762    26.0 3.263  -0.97  5.128  0.049    41.150     2.789 0.134  0.100 -0.032 -0.013 -0.008 0.106 0.100 0.154 42.267
   69   4084.492    26.0 3.329  -0.54  5.252  0.074    66.445     3.551 0.197  0.100 -0.042 -0.036 -0.013 0.115 0.100 0.169 34.836
   70   4098.176    26.0 3.239  -0.97  5.144  0.048    43.635     2.664 0.156  0.100 -0.033 -0.016 -0.011 0.107 0.100 0.154 42.068
   71   4102.936    14.0 1.909 -3.336  5.982  0.085   108.800     3.979 0.186  0.132 -0.048 -0.059 -0.026 0.155 0.100 0.203 24.324
   72   4104.114    26.0 3.263  -1.27  5.218  0.046    30.567     2.269 0.136  0.101 -0.026 -0.008 -0.005 0.105 0.100 0.152 43.322
   75   4120.206    26.0 2.988  -1.23  4.968  0.055    36.291     2.882 0.148  0.108 -0.029 -0.007 -0.007 0.112 0.100 0.160 39.018
   76   4121.802    26.0 2.829  -1.28  4.992  0.057    44.887     3.132 0.154  0.112 -0.030 -0.014 -0.011 0.117 0.100 0.164 37.022
   78   4133.856    26.0 3.366  -1.13  5.228  0.060    32.181     2.910 0.136  0.098 -0.025 -0.009 -0.006 0.102 0.100 0.155 41.759
   79   4139.927    26.0 0.989  -3.51  5.149  0.049    52.317     2.799 0.155  0.162 -0.045 -0.018 -0.016 0.170 0.100 0.203 24.242
   80   4143.415    26.0 3.047  -0.21  5.194  0.075    92.583     2.933 0.190  0.110 -0.064 -0.073 -0.026 0.149 0.100 0.194 26.436
   82   4147.669    26.0 1.484  -2.07  5.222  0.089    95.113     3.323 0.171  0.153 -0.061 -0.074 -0.035 0.184 0.100 0.227 19.323
   83   4150.249    26.0 3.428  -1.19  5.142  0.060    22.455     2.472 0.168  0.096 -0.024 -0.005 -0.005 0.099 0.100 0.153 42.657
   84   4152.169    26.0 0.957  -3.16  5.238  0.067    76.805     3.033 0.157  0.165 -0.055 -0.046 -0.028 0.182 0.100 0.218 20.991
   85     4153.9    26.0 3.397  -0.28  5.103  0.058    68.651     2.827 0.164  0.098 -0.047 -0.037 -0.014 0.116 0.100 0.164 37.393
   86   4158.792    26.0 3.428   -0.7  5.210  0.064    50.270     3.546 0.218  0.097 -0.034 -0.018 -0.009 0.105 0.100 0.158 39.893
   87   4161.529    22.1 1.083  -2.09  3.055  0.082    80.637     3.770 0.174  0.040  0.167 -0.049  0.027 0.181 0.100 0.222 20.266
   89   4171.904    22.1 2.596   -0.3  3.146  0.112    83.474     4.582 0.216  0.007  0.166 -0.054  0.022 0.176 0.100 0.231 18.674
   90   4173.921    26.0 0.989  -3.29  5.267  0.077    70.493     3.354 0.179  0.172 -0.044 -0.034 -0.024 0.182 0.100 0.222 20.333
   91   4174.913    26.0 0.914  -2.94  5.359  0.079    93.570     3.169 0.170  0.170 -0.065 -0.076 -0.040 0.201 0.100 0.238 17.623
   92   4178.855    26.1 2.583  -2.51  5.062  0.062    74.070     2.932 0.172  0.008  0.177 -0.042  0.026 0.184 0.100 0.218 20.974
   93   4184.312    22.1 1.079  -2.49  3.097  0.056    62.989     3.065 0.174  0.045  0.172 -0.031  0.030 0.183 0.100 0.216 21.456
   94   4187.039    26.0 2.450  -0.56  5.026  0.080   102.650     3.405 0.162  0.132 -0.094 -0.078 -0.029 0.182 0.100 0.223 20.167
   95   4199.095    26.0 3.045   0.17  4.813  0.081    93.355     3.005 0.162  0.111 -0.056 -0.073 -0.027 0.147 0.100 0.195 26.263
   97   4216.184    26.0 0.000  -3.36  5.412  0.101   123.586     3.484 0.175  0.214 -0.076 -0.118 -0.072 0.266 0.100 0.301 11.003
   99   4233.603    26.0 2.482   -0.6  4.930  0.078    95.945     3.314 0.165  0.129 -0.081 -0.071 -0.027 0.170 0.100 0.212 22.194
  100   4250.787    26.0 1.556  -0.71  4.974  0.069   139.296     3.440 0.186  0.169 -0.124 -0.094 -0.043 0.234 0.100 0.263 14.413
  101   4282.403    26.0 2.174  -0.78  5.041  0.081   106.724     2.981 0.170  0.142 -0.059 -0.092 -0.036 0.183 0.100 0.224 20.013
  102   4283.011    20.0 1.886 -0.224  4.557  0.074    93.142     3.030 0.178  0.098 -0.063 -0.061 -0.019 0.133 0.100 0.182 30.182
  103   4287.403    22.0 0.835  -0.37  2.778  0.050    30.368     2.540 0.148  0.139 -0.043 -0.007 -0.011 0.146 0.100 0.184 29.550
  105   4291.463    26.0 0.052  -4.08  5.457  0.077    96.209     3.190 0.161  0.200 -0.065 -0.074 -0.062 0.231 0.100 0.264 14.394
  106   4295.749    22.0 0.812  -0.42  2.747  0.048    27.773     2.344 0.136  0.140 -0.043 -0.006 -0.011 0.147 0.100 0.184 29.489
  111   4316.794    22.1 2.046  -1.62  2.980  0.046    41.180     2.622 0.173  0.024  0.179 -0.011  0.029 0.183 0.100 0.214 21.884
  112   4318.652    20.0 1.899  -0.21  4.408  0.074    86.564     3.338 0.182  0.086 -0.061 -0.057 -0.027 0.123 0.100 0.175 32.710
  115   4326.753    26.0 2.947  -1.81  5.124  0.076    19.989     2.969 0.159  0.109 -0.029 -0.004 -0.007 0.113 0.100 0.169 35.009
  116   4330.238    22.1 2.046  -1.64  2.836  0.048    32.374     2.511 0.166  0.026  0.179 -0.008  0.030 0.184 0.100 0.214 21.746
  117   4330.698    22.1 1.179  -2.09  3.173  0.062    82.581     2.893 0.181  0.042  0.169 -0.048  0.028 0.183 0.100 0.217 21.160
  118   4331.642    28.0 1.675  -2.27  3.881  0.045    23.972     1.992 0.125  0.136 -0.027 -0.006 -0.008 0.139 0.100 0.177 31.897
  120   4344.502    24.0 1.003  -0.65  3.194  0.064    71.084     3.082 0.178  0.136 -0.053 -0.038 -0.020 0.152 0.100 0.193 26.849
  121   4350.838    22.1 2.060   -1.7  2.960  0.058    34.944     3.153 0.168  0.024  0.178 -0.010  0.029 0.182 0.100 0.216 21.475
  124   4367.903    26.0 1.607  -2.88  5.315  0.061    56.800     3.211 0.175  0.147 -0.039 -0.022 -0.016 0.154 0.100 0.194 26.601
  125    4375.93    26.0 0.000   -3.0  5.201  0.084   132.297     3.262 0.174  0.223 -0.089 -0.114 -0.082 0.278 0.100 0.307 10.590
  127   4389.245    26.0 0.052  -4.55  5.290  0.045    67.999     2.415 0.151  0.192 -0.053 -0.039 -0.029 0.205 0.100 0.233 18.498
  128   4394.059    22.1 1.220  -1.77  2.825  0.059    79.439     2.920 0.156  0.040  0.169 -0.045  0.028 0.182 0.100 0.216 21.528
  130   4395.839    22.1 1.242  -1.93  2.817  0.036    69.442     1.911 0.152  0.040  0.172 -0.032  0.030 0.182 0.100 0.211 22.520
  131   4399.765    22.1 1.236   -1.2  3.119  0.057   116.375     2.574 0.180  0.042  0.154 -0.094  0.018 0.186 0.100 0.219 20.881
  132   4401.541    28.0 3.191   0.06  3.965  0.054    56.468     2.963 0.178  0.098 -0.029 -0.022 -0.009 0.105 0.100 0.155 41.794
  134   4409.235    22.1 1.242  -2.78  3.189  0.042    42.111     2.482 0.210  0.042  0.176 -0.013  0.032 0.184 0.100 0.214 21.883
  135   4409.518    22.1 1.230  -2.53  3.046  0.048    49.113     2.869 0.174  0.042  0.173 -0.014  0.030 0.181 0.100 0.212 22.176
  136   4411.073    22.1 3.092  -0.65  2.949  0.045    26.948     2.088 0.133  0.002  0.181 -0.008  0.023 0.183 0.100 0.213 22.034
  137    4411.93    22.1 1.223  -2.62  2.958  0.033    39.349     1.905 0.140  0.042  0.176 -0.012  0.032 0.184 0.100 0.212 22.223
  139   4416.818    26.1 2.778  -2.57  5.188  0.036    67.837     2.059 0.164  0.000  0.182 -0.036  0.026 0.187 0.100 0.215 21.555
  140   4418.331    22.1 1.236  -1.99  3.022  0.067    77.523     3.352 0.179  0.040  0.170 -0.049  0.028 0.184 0.100 0.219 20.758
  141   4421.938    22.1 2.060  -1.64  2.862  0.044    33.263     2.292 0.171  0.024  0.178 -0.008  0.029 0.182 0.100 0.212 22.172
  143   4425.437    20.0 1.879 -0.358  4.108  0.051    66.710     2.653 0.158  0.092 -0.046 -0.026 -0.013 0.107 0.100 0.155 41.620
  145    4427.31    26.0 0.052  -2.92  5.489  0.076   144.837     3.028 0.188  0.229 -0.111 -0.129 -0.094 0.300 0.100 0.326  9.433
  146   4432.096    22.1 1.236  -3.08  2.820  0.067    13.402     1.856 0.097  0.043  0.180 -0.002  0.033 0.188 0.100 0.223 20.067
  151   4442.339    26.0 2.196  -1.23  5.168  0.056    97.442     2.568 0.180  0.138 -0.062 -0.065 -0.030 0.167 0.100 0.203 24.301
  152   4443.801    22.1 1.079  -0.71  3.159  0.071   145.535     2.863 0.198  0.056  0.113 -0.126  0.013 0.179 0.100 0.217 21.280
  153   4444.554    22.1 1.115   -2.2  3.015  0.064    74.597     2.876 0.173  0.043  0.179 -0.031  0.029 0.189 0.100 0.223 20.085
  154   4447.717    26.0 2.221  -1.36  5.167  0.055    90.091     2.537 0.168  0.135 -0.057 -0.058 -0.027 0.160 0.100 0.196 25.911
  155   4449.142    22.0 1.886   0.47  2.641  0.077    11.244     1.921 0.116  0.110 -0.035 -0.002 -0.008 0.116 0.100 0.171 34.103
  156   4450.482    22.1 1.083  -1.52  3.167  0.069   113.442     2.880 0.195  0.030  0.159 -0.093  0.002 0.187 0.100 0.223 20.163
  157   4450.894    22.0 1.878   0.32  2.842  0.080    12.743     2.212 0.181  0.112 -0.035 -0.002 -0.007 0.118 0.100 0.174 33.087
  158   4453.313    22.0 1.429  -0.03  2.719  0.059    14.296     1.748 0.106  0.123 -0.038 -0.002 -0.008 0.129 0.100 0.174 33.197
  160   4454.779    20.0 1.899  0.258  4.442  0.059   111.723     2.754 0.203  0.104 -0.113 -0.070 -0.024 0.170 0.100 0.206 23.506
  161   4455.317    22.0 1.442    0.1  2.729  0.047    18.215     1.697 0.121  0.123 -0.039 -0.004 -0.009 0.129 0.100 0.170 34.534
  162   4455.887    20.0 1.899 -0.518  4.173  0.035    60.313     2.059 0.155  0.092 -0.042 -0.021 -0.012 0.104 0.100 0.148 45.374
  163   4457.427    22.0 1.459   0.26  2.774  0.046    25.544     2.133 0.143  0.123 -0.040 -0.006 -0.010 0.130 0.100 0.170 34.504
  165   4461.653    26.0 0.087  -3.19  5.433  0.071   131.410     2.804 0.182  0.220 -0.087 -0.121 -0.090 0.281 0.100 0.306 10.666
  167   4468.493    22.1 1.130  -0.63  3.273  0.071   151.416     3.028 0.206  0.059  0.096 -0.124  0.014 0.168 0.100 0.208 23.089
  168   4469.151    22.1 1.083  -2.55  3.210  0.056    68.225     2.670 0.197  0.051  0.180 -0.023  0.031 0.191 0.100 0.223 20.150
  169   4470.477    28.0 3.396   -0.3  3.829  0.041    19.878     1.553 0.154  0.091 -0.018 -0.005 -0.005 0.093 0.100 0.143 49.171
  170   4471.237    22.0 1.732  -0.15  3.334  0.073    18.681     2.712 0.230  0.115 -0.037 -0.003 -0.008 0.121 0.100 0.173 33.337
  173    4484.22    26.0 3.600  -0.64  4.887  0.048    27.486     2.294 0.150  0.093 -0.027 -0.007 -0.007 0.097 0.100 0.148 45.912
  174   4488.324    22.1 3.121   -0.5  2.888  0.050    29.760     2.459 0.172  0.002  0.181 -0.006  0.024 0.183 0.100 0.214 21.797
  175   4489.739    26.0 0.121   -3.9  5.440  0.069   102.037     2.871 0.174  0.201 -0.062 -0.080 -0.055 0.232 0.100 0.262 14.613
  176     4491.4    26.1 2.856  -2.71  4.978  0.039    43.930     2.271 0.161  0.004  0.186 -0.014  0.027 0.189 0.100 0.217 21.250
  177   4493.522    22.1 1.079  -2.78  2.908  0.038    37.712     2.157 0.145  0.046  0.176 -0.008  0.033 0.185 0.100 0.214 21.887
  178   4494.563    26.0 2.196  -1.14  5.155  0.054   101.610     2.520 0.187  0.139 -0.064 -0.067 -0.031 0.170 0.100 0.204 23.933
  180    4501.27    22.1 1.115  -0.77  3.112  0.077   140.639     3.167 0.198  0.051  0.129 -0.128  0.009 0.189 0.100 0.227 19.366
  181   4508.281    26.1 2.856  -2.42  5.244  0.047    74.305     2.209 0.181  0.002  0.184 -0.039  0.026 0.190 0.100 0.220 20.718
  182   4512.734    22.0 0.835   -0.4  2.775  0.034    29.769     1.689 0.138  0.141 -0.043 -0.006 -0.012 0.148 0.100 0.182 30.242
  183   4515.334    26.1 2.844   -2.6  5.284  0.056    67.925     2.838 0.188  0.003  0.186 -0.032  0.027 0.191 0.100 0.222 20.204
  184   4518.022    22.0 0.825  -0.25  2.675  0.037    32.920     1.930 0.125  0.142 -0.044 -0.007 -0.012 0.149 0.100 0.183 29.706
  185   4518.332    22.1 1.079  -2.56  2.998  0.040    56.193     2.450 0.166  0.047  0.176 -0.018  0.032 0.186 0.100 0.215 21.676
  186   4520.221    26.1 2.807  -2.65  5.084  0.041    56.573     2.306 0.147  0.004  0.184 -0.022  0.027 0.187 0.100 0.216 21.383
  188   4527.304    22.0 0.812  -0.45  2.859  0.039    32.990     2.051 0.147  0.141 -0.045 -0.007 -0.012 0.149 0.100 0.183 29.743
  190    4529.48    22.1 1.571  -1.75  3.204  0.055    79.348     2.756 0.200  0.033  0.171 -0.043  0.027 0.181 0.100 0.214 21.770
  191   4531.148    26.0 1.484   -2.1  5.332  0.066   103.766     2.757 0.195  0.162 -0.061 -0.076 -0.040 0.193 0.100 0.227 19.343
  192   4533.239    22.0 0.848   0.54  2.687  0.053    76.719     2.732 0.183  0.143 -0.057 -0.039 -0.025 0.161 0.100 0.197 25.871
  193   4534.776    22.0 0.835   0.35  2.560  0.038    60.058     2.210 0.155  0.142 -0.050 -0.022 -0.017 0.153 0.100 0.187 28.668
  194   4535.569    22.0 0.825   0.14  2.876  0.046    66.738     2.510 0.187  0.143 -0.051 -0.034 -0.026 0.158 0.100 0.192 27.028
  195   4544.687    22.0 0.818  -0.45  2.795  0.044    29.459     2.200 0.139  0.141 -0.044 -0.006 -0.011 0.148 0.100 0.184 29.489
  196   4545.133    22.1 1.130  -2.45  3.013  0.042    60.242     2.479 0.174  0.045  0.174 -0.021  0.032 0.184 0.100 0.213 21.963
  198   4548.764    22.0 0.825  -0.28  2.809  0.051    38.627     2.687 0.173  0.141 -0.042 -0.008 -0.012 0.148 0.100 0.186 29.023
  199   4555.483    22.0 0.848   -0.4  2.679  0.054    24.686     2.450 0.121  0.140 -0.044 -0.004 -0.011 0.147 0.100 0.186 28.910
  200   4555.888    26.1 2.828   -2.4  5.154  0.061    72.805     3.108 0.184  0.003  0.182 -0.038  0.027 0.188 0.100 0.221 20.397
  201   4558.644    24.1 4.070  -0.43  3.294  0.044    43.598     2.208 0.215 -0.016  0.188 -0.012  0.021 0.190 0.100 0.219 20.781
  202   4571.096    12.0 0.000 -5.623  5.903  0.063   109.629     2.430 0.184  0.190 -0.044 -0.046 -0.047 0.206 0.100 0.237 17.752
  203   4571.971    22.1 1.571  -0.31  3.105  0.077   137.451     3.184 0.194  0.041  0.134 -0.121  0.014 0.186 0.100 0.225 19.840
  204   4576.328    26.1 2.844  -2.95  5.187  0.034    43.473     1.974 0.156  0.005  0.186 -0.015  0.028 0.189 0.100 0.216 21.373
  206   4582.835    26.1 2.844  -3.18  5.184  0.045    30.973     2.226 0.182  0.007  0.187 -0.010  0.028 0.189 0.100 0.219 20.865
  207   4583.409    22.1 1.164  -2.84  3.083  0.041    38.953     2.349 0.163  0.046  0.178 -0.008  0.034 0.187 0.100 0.216 21.412
  208   4583.829    26.1 2.807  -1.94  5.386  0.055   107.277     2.607 0.208  0.005  0.169 -0.072  0.021 0.185 0.100 0.217 21.170
  209   4588.198    24.1 4.068  -0.65  3.220  0.049    28.806     2.140 0.161 -0.016  0.188 -0.006  0.020 0.190 0.100 0.220 20.645
  210   4591.391    24.0 0.968  -1.74  2.798  0.069     8.352     1.304 0.075  0.136 -0.040 -0.001 -0.008 0.142 0.100 0.187 28.634
  212   4592.651    26.0 1.556  -2.46  5.327  0.061    84.517     2.621 0.179  0.154 -0.048 -0.052 -0.029 0.172 0.100 0.208 23.102
  213   4600.749    24.0 1.003  -1.25  2.989  0.069    28.806     3.419 0.121  0.135 -0.042 -0.006 -0.010 0.142 0.100 0.187 28.664
  214     4602.0    26.0 1.607  -3.13  5.130  0.038    33.775     2.064 0.147  0.148 -0.036 -0.007 -0.012 0.153 0.100 0.187 28.704
  215   4602.941    26.0 1.484  -2.21  5.277  0.055    96.628     2.340 0.170  0.162 -0.057 -0.085 -0.038 0.195 0.100 0.226 19.536
  216   4604.988    28.0 3.477  -0.24  3.864  0.067    20.252     2.576 0.192  0.090 -0.015 -0.003 -0.003 0.091 0.100 0.151 43.796
  218   4607.647    26.0 3.263  -1.33  5.022  0.054    21.066     2.127 0.158  0.104 -0.027 -0.003 -0.005 0.108 0.100 0.157 40.823
  220   4616.124    24.0 0.982  -1.19  3.043  0.033    35.994     1.801 0.160  0.136 -0.043 -0.008 -0.011 0.143 0.100 0.178 31.626
  221   4617.269    22.0 1.748   0.44  2.690  0.066    16.618     2.254 0.162  0.116 -0.037 -0.005 -0.007 0.122 0.100 0.171 34.181
  222   4619.288    26.0 3.600  -1.06  5.192  0.063    22.921     2.670 0.177  0.094 -0.024 -0.005 -0.005 0.097 0.100 0.153 42.677
  223   4620.513    26.1 2.828  -3.21  5.080  0.041    25.743     1.850 0.157  0.008  0.187 -0.006  0.028 0.189 0.100 0.218 21.037
  224   4623.097    22.0 1.738   0.16  2.871  0.091    13.997     2.726 0.201  0.117 -0.036 -0.004 -0.006 0.123 0.100 0.183 30.013
  225   4625.045    26.0 3.239  -1.27  5.120  0.048    29.098     2.351 0.174  0.103 -0.028 -0.006 -0.007 0.107 0.100 0.154 42.047
  226   4626.173    24.0 0.968  -1.33  3.196  0.031    37.710     1.726 0.178  0.137 -0.043 -0.008 -0.010 0.144 0.100 0.178 31.502
  227   4629.332    26.1 2.807  -2.26  5.115  0.044    79.578     2.165 0.183  0.005  0.183 -0.048  0.029 0.191 0.100 0.220 20.578
  228    4630.12    26.0 2.277  -2.58  5.220  0.043    25.856     1.948 0.147  0.128 -0.033 -0.004 -0.009 0.133 0.100 0.172 33.990
  229   4632.912    26.0 1.607   -2.9  5.258  0.035    54.235     2.054 0.173  0.148 -0.043 -0.018 -0.016 0.156 0.100 0.189 28.122
  231   4637.503    26.0 3.281  -1.29  5.203  0.041    29.776     1.865 0.152  0.102 -0.028 -0.006 -0.007 0.106 0.100 0.152 43.563
  233   4646.162    24.0 1.029  -0.74  2.999  0.035    56.391     2.080 0.173  0.134 -0.047 -0.021 -0.016 0.144 0.100 0.179 31.164
  234   4648.652    28.0 3.417  -0.09  3.723  0.042    23.441     1.761 0.129  0.091 -0.017 -0.005 -0.005 0.093 0.100 0.143 49.056
  236   4651.291    24.0 0.982  -1.46  3.016  0.044    21.965     1.826 0.139  0.134 -0.042 -0.006 -0.011 0.141 0.100 0.178 31.433
  237   4652.157    24.0 1.003  -1.04  2.983  0.036    39.770     2.078 0.154  0.134 -0.044 -0.010 -0.013 0.142 0.100 0.177 31.788
  238   4657.201    22.1 1.242  -2.29  2.973  0.042    60.132     2.532 0.184  0.041  0.175 -0.022  0.032 0.184 0.100 0.213 21.940
  240   4678.846    26.0 3.600  -0.68  5.063  0.036    34.701     1.914 0.127  0.094 -0.029 -0.009 -0.010 0.099 0.100 0.145 47.270
  242   4702.991    12.0 4.346  -0.44  5.633  0.033    98.573     2.042 0.190  0.075 -0.087 -0.031 -0.011 0.119 0.100 0.159 39.423
  243   4707.275    26.0 3.241  -0.96  5.265  0.043    54.249     2.466 0.188  0.105 -0.038 -0.019 -0.011 0.114 0.100 0.157 40.321
  244   4708.663    22.1 1.236  -2.35  2.908  0.033    53.221     2.042 0.176  0.043  0.177 -0.016  0.034 0.186 0.100 0.214 21.891
  245   4714.417    28.0 3.377   0.25  3.794  0.037    46.746     2.109 0.168  0.094 -0.022 -0.013 -0.006 0.098 0.100 0.145 47.858
  246    4722.15    30.0 4.030  -0.37  2.198  0.048    20.211     1.857 0.137  0.047  0.091 -0.004  0.015 0.104 0.100 0.152 43.410
  247   4727.395    26.0 3.684  -1.06  5.169  0.061    18.499     2.217 0.151  0.092 -0.026 -0.003 -0.006 0.096 0.100 0.151 43.655
  248   4733.591    26.0 1.484  -2.99  5.238  0.041    57.326     2.454 0.154  0.153 -0.044 -0.021 -0.018 0.162 0.100 0.194 26.461
  249   4736.773    26.0 3.209  -0.67  5.153  0.049    66.625     2.474 0.179  0.109 -0.041 -0.030 -0.014 0.121 0.100 0.164 36.955
  250   4756.515    28.0 3.477  -0.27  3.917  0.054    21.408     2.206 0.231  0.090 -0.017 -0.004 -0.005 0.092 0.100 0.146 46.845
  251   4762.778    22.1 1.083  -2.89  2.900  0.043    32.317     2.304 0.140  0.047  0.176 -0.007  0.034 0.185 0.100 0.215 21.626
  252   4763.883    22.1 1.220   -2.4  3.059  0.035    61.009     2.169 0.166  0.043  0.175 -0.021  0.032 0.184 0.100 0.213 22.141
  253   4764.525    22.1 1.236  -2.69  2.974  0.032    37.198     1.840 0.159  0.043  0.176 -0.009  0.033 0.184 0.100 0.212 22.212
  254   4772.804    26.0 1.556   -2.9  4.843  0.033    34.784     1.792 0.161  0.149 -0.040 -0.009 -0.013 0.155 0.100 0.187 28.457
  257   4798.531    22.1 1.079  -2.66  3.098  0.041    58.204     2.537 0.187  0.046  0.176 -0.019  0.033 0.186 0.100 0.215 21.634
  259    4810.53    30.0 4.078  -0.15  2.208  0.043    27.600     2.031 0.161  0.046  0.093 -0.006  0.015 0.105 0.100 0.151 43.714
  261   4824.131    24.1 3.868  -0.92  3.292  0.046    30.693     2.245 0.173 -0.013  0.185 -0.008  0.022 0.187 0.100 0.217 21.250
  262   4831.176    28.0 3.603  -0.32  3.691  0.082     9.376     1.749 0.124  0.085 -0.016 -0.002 -0.004 0.087 0.100 0.156 41.278
  263   4840.874    22.0 0.899  -0.43  2.488  0.059    15.185     1.870 0.139  0.138 -0.043 -0.003 -0.011 0.145 0.100 0.186 28.981
  264   4849.168    22.1 1.130  -2.96  3.172  0.053    40.909     3.140 0.233  0.045  0.177 -0.009  0.034 0.186 0.100 0.218 21.097
  268    4865.61    22.1 1.115   -2.7  2.908  0.046    41.844     2.754 0.178  0.046  0.177 -0.009  0.034 0.186 0.100 0.216 21.368
  269   4866.271    28.0 3.536  -0.22  3.771  0.083    15.858     2.701 0.186  0.089 -0.016 -0.003 -0.004 0.091 0.100 0.158 39.853
  271   4871.318    26.0 2.865  -0.34  5.018  0.063    97.831     2.965 0.187  0.127 -0.069 -0.063 -0.027 0.160 0.100 0.199 25.279
  273   4874.009    22.1 3.092  -0.86  2.949  0.070    19.365     2.651 0.250  0.003  0.182 -0.004  0.025 0.184 0.100 0.221 20.544
  274   4885.079    22.0 1.886   0.41  2.698  0.059    11.832     1.522 0.146  0.111 -0.037 -0.002 -0.009 0.117 0.100 0.165 36.688
  275   4889.002    26.0 2.196  -2.55  5.296  0.058    37.139     3.282 0.236  0.132 -0.036 -0.010 -0.012 0.138 0.100 0.180 30.932
  276   4890.755    26.0 2.876  -0.38  5.130  0.055   100.769     2.610 0.196  0.128 -0.073 -0.066 -0.028 0.164 0.100 0.200 25.076
  277    4903.31    26.0 2.882  -0.89  5.052  0.045    71.625     2.546 0.179  0.117 -0.045 -0.037 -0.017 0.132 0.100 0.171 34.016
  278   4910.017    26.0 3.394  -1.28  5.164  0.060    23.332     2.560 0.204  0.100 -0.028 -0.005 -0.007 0.104 0.100 0.156 40.885
  279   4911.194    22.1 3.121  -0.64  2.967  0.063    27.930     3.058 0.217  0.002  0.182 -0.006  0.025 0.184 0.100 0.219 20.938
  283   4923.922    26.1 2.891  -1.26  4.954  0.063   117.920     3.143 0.207  0.006  0.173 -0.074  0.022 0.190 0.100 0.223 20.042
  284   4939.687    26.0 0.858  -3.25  5.127  0.051    80.647     2.607 0.176  0.176 -0.049 -0.052 -0.033 0.193 0.100 0.223 20.092
  285   4946.388    26.0 3.368  -1.11  5.149  0.048    32.102     2.357 0.169  0.101 -0.027 -0.007 -0.008 0.105 0.100 0.153 42.830
  286   4966.089    26.0 3.329  -0.79  5.105  0.051    49.979     2.991 0.158  0.100 -0.035 -0.020 -0.014 0.109 0.100 0.156 40.945
  287   4973.102    26.0 3.960  -0.69  4.975  0.078    14.345     2.358 0.157  0.084 -0.024 -0.003 -0.006 0.088 0.100 0.154 42.084
  291   4991.066    22.0 0.835   0.45  3.042  0.108    94.274     5.204 0.236  0.152 -0.058 -0.062 -0.040 0.179 0.100 0.231 18.665
  292    4994.13    26.0 0.914  -2.97  5.199  0.193    95.104     8.621 0.229  0.182 -0.044 -0.061 -0.041 0.201 0.100 0.296 11.401
  295   4999.503    22.0 0.825   0.32  2.792  0.121    75.647     6.539 0.244  0.147 -0.052 -0.037 -0.026 0.162 0.100 0.226 19.608
  296   5001.864    26.0 3.882  -0.01  4.961  0.122    49.023     7.088 0.237  0.089 -0.031 -0.019 -0.013 0.097 0.100 0.185 29.157
  298   5005.712    26.0 3.884  -0.12  5.031  0.122    46.605     7.136 0.185  0.087 -0.029 -0.015 -0.009 0.093 0.100 0.183 29.761
  299   5007.209    22.0 0.818   0.17  2.594  0.102    56.023     6.006 0.169  0.144 -0.047 -0.017 -0.017 0.153 0.100 0.210 22.765
  301   5012.068    26.0 0.858   -2.6  5.166  0.178   113.645     7.765 0.201  0.190 -0.052 -0.084 -0.056 0.221 0.100 0.301 11.028
  302   5013.686    22.1 1.581  -2.14  2.997  0.100    47.911     6.063 0.186  0.036  0.182 -0.012  0.032 0.189 0.100 0.236 17.989
  303   5014.943    26.0 3.940  -0.18  5.023  0.111    39.181     6.320 0.194  0.087 -0.028 -0.011 -0.008 0.092 0.100 0.176 32.404
  307   5020.026    22.0 0.835  -0.33  2.713  0.095    32.308     5.251 0.171  0.142 -0.045 -0.007 -0.014 0.150 0.100 0.204 24.120
  308   5022.236    26.0 3.984  -0.33  5.259  0.146    41.130     8.234 0.242  0.086 -0.028 -0.012 -0.008 0.092 0.100 0.199 25.186
  309   5022.868    22.0 0.825  -0.33  2.884  0.103    42.703     6.094 0.160  0.144 -0.042 -0.010 -0.015 0.151 0.100 0.208 23.023
  310   5024.844    22.0 0.818  -0.53  2.788  0.112    27.117     5.616 0.162  0.143 -0.045 -0.005 -0.013 0.151 0.100 0.213 22.118
  312   5035.362    28.0 3.633   0.29  4.055  0.108    48.124     6.319 0.216  0.089 -0.023 -0.017 -0.008 0.094 0.100 0.175 32.821
  313   5036.464    22.0 1.442   0.14  2.806  0.126    24.500     5.956 0.184  0.125 -0.041 -0.005 -0.011 0.132 0.100 0.208 23.079
  315   5039.957    22.0 0.021  -1.08  2.844  0.094    54.046     5.947 0.183  0.166 -0.051 -0.015 -0.021 0.176 0.100 0.223 20.137
  320   5064.653    22.0 0.048  -0.94  2.959  0.093    67.753     5.136 0.209  0.174 -0.046 -0.026 -0.024 0.183 0.100 0.229 19.123
  322   5079.224    26.0 2.196   -2.1  5.344  0.127    67.491     7.093 0.244  0.137 -0.041 -0.029 -0.019 0.147 0.100 0.219 20.928
  324   5080.533    28.0 3.652   0.32  3.756  0.090    32.256     4.748 0.176  0.087 -0.019 -0.008 -0.006 0.090 0.100 0.162 38.269
  325   5083.339    26.0 0.957  -2.84  5.139  0.128    96.788     5.645 0.211  0.188 -0.044 -0.061 -0.041 0.207 0.100 0.263 14.479
  327   5098.697    26.0 2.174  -2.03  5.318  0.080    71.231     4.243 0.209  0.139 -0.041 -0.033 -0.021 0.150 0.100 0.197 25.685
  330   5110.413    26.0 0.000  -3.76  5.553  0.147   128.574     6.175 0.227  0.228 -0.047 -0.089 -0.079 0.261 0.100 0.316 10.004
  333    5123.72    26.0 1.010  -3.06  5.382  0.098    95.119     4.338 0.215  0.181 -0.042 -0.059 -0.040 0.199 0.100 0.243 16.889
  334    5127.36    26.0 0.914  -3.25  5.259  0.085    85.517     4.299 0.211  0.180 -0.047 -0.047 -0.034 0.195 0.100 0.235 18.116
  335   5129.156    22.1 1.890  -1.34  2.935  0.085    70.550     4.907 0.230  0.028  0.180 -0.029  0.031 0.187 0.100 0.228 19.153
  336   5133.689    26.0 4.175   0.36  4.958  0.080    50.922     4.661 0.214  0.084 -0.027 -0.016 -0.008 0.090 0.100 0.157 40.806
  338   5142.928    26.0 0.957  -3.07  5.195  0.099    88.728     4.887 0.197  0.179 -0.045 -0.053 -0.036 0.195 0.100 0.241 17.249
  340    5150.84    26.0 0.989  -3.04  5.309  0.093    94.065     4.234 0.225  0.179 -0.049 -0.059 -0.040 0.199 0.100 0.241 17.190
  341   5151.911    26.0 1.010  -3.32  5.349  0.095    80.525     4.922 0.227  0.174 -0.046 -0.042 -0.031 0.187 0.100 0.233 18.470
  342   5166.282    26.0 0.000  -4.12  5.244  0.078    98.104     4.040 0.217  0.211 -0.048 -0.062 -0.053 0.231 0.100 0.264 14.375
  343   5171.596    26.0 1.484  -1.72  5.278  0.105   124.507     4.684 0.224  0.178 -0.068 -0.097 -0.061 0.222 0.100 0.265 14.192
  344   5172.684    12.0 2.712 -0.393  5.731  0.073   272.860    14.843 0.257  0.151 -0.233 -0.019 -0.003 0.278 0.100 0.305 10.777
  345   5173.743    22.0 0.000  -1.06  2.739  0.062    50.999     3.845 0.180  0.167 -0.050 -0.015 -0.020 0.176 0.100 0.212 22.292
  346   5183.604    12.0 2.717 -0.167  5.710  0.068   318.067    18.499 0.276  0.151 -0.244 -0.014  0.002 0.287 0.100 0.312 10.292
  347   5185.902    22.1 1.891  -1.41  2.958  0.080    67.988     4.342 0.189  0.028  0.187 -0.026  0.032 0.194 0.100 0.232 18.569
  348   5192.969    22.0 0.021  -0.95  2.884  0.048    65.435     2.966 0.198  0.169 -0.051 -0.023 -0.024 0.180 0.100 0.211 22.436
  349   5194.942    26.0 1.556  -2.02  5.252  0.089   106.338     4.049 0.217  0.170 -0.049 -0.073 -0.044 0.196 0.100 0.238 17.703
  350   5197.568    26.1 3.230  -2.22  5.158  0.065    60.773     3.906 0.233 -0.004  0.191 -0.021  0.029 0.194 0.100 0.228 19.229
  352   5206.023    24.0 0.941   0.02  3.064  0.104   107.989     4.861 0.220  0.156 -0.061 -0.076 -0.046 0.190 0.100 0.238 17.616
  353   5210.384    22.0 0.048  -0.82  2.885  0.062    71.465     3.626 0.203  0.164 -0.052 -0.034 -0.027 0.177 0.100 0.213 22.060
  354    5211.53    22.1 2.588  -1.41  2.735  0.111    14.323     3.477 0.150  0.014  0.181 -0.002  0.029 0.184 0.100 0.237 17.818
  355   5215.181    26.0 3.263  -0.86  4.998  0.063    45.327     3.883 0.223  0.106 -0.034 -0.014 -0.011 0.113 0.100 0.163 37.483
  356   5216.274    26.0 1.607  -2.08  5.221  0.086    99.382     4.021 0.223  0.164 -0.051 -0.073 -0.040 0.191 0.100 0.232 18.579
  357   5217.389    26.0 3.209  -1.07  4.998  0.058    36.949     3.257 0.157  0.107 -0.032 -0.009 -0.012 0.113 0.100 0.161 38.369
  359   5225.525    26.0 0.110  -4.75  5.275  0.054    58.265     3.423 0.167  0.194 -0.046 -0.019 -0.026 0.202 0.100 0.232 18.620
  360    5227.19    26.0 1.556  -1.23  5.468  0.086   153.046     4.426 0.228  0.196 -0.121 -0.101 -0.067 0.260 0.100 0.292 11.745
  362   5234.624    26.1 3.221  -2.18  5.156  0.063    62.925     3.649 0.210 -0.004  0.191 -0.025  0.030 0.195 0.100 0.228 19.234
  364   5247.565    24.0 0.960  -1.59  3.327  0.063    33.894     3.486 0.201  0.138 -0.043 -0.008 -0.013 0.145 0.100 0.187 28.493
  365   5250.646    26.0 2.196  -2.18  5.239  0.068    57.392     4.144 0.227  0.132 -0.039 -0.023 -0.017 0.141 0.100 0.185 29.080
  368   5263.306    26.0 3.263  -0.87  5.082  0.054    49.803     3.016 0.180  0.107 -0.032 -0.014 -0.011 0.113 0.100 0.160 38.900
  369   5264.801    26.1 3.230  -3.13  5.203  0.078    16.843     2.676 0.151 -0.001  0.189 -0.004  0.027 0.191 0.100 0.229 19.029
  370   5265.556    20.0 2.523  -0.26  4.704  0.112    66.964     6.473 0.366  0.082 -0.035 -0.025 -0.014 0.094 0.100 0.177 31.934
  374   5275.997    26.1 3.199  -2.01  5.304  0.075    83.691     4.205 0.266 -0.003  0.190 -0.039  0.029 0.196 0.100 0.233 18.485
  375   5283.621    26.0 3.239  -0.45  5.146  0.066    79.274     3.539 0.220  0.111 -0.047 -0.041 -0.023 0.129 0.100 0.176 32.157
  376    5284.08    26.1 2.891  -3.11  5.047  0.072    27.038     3.453 0.192  0.005  0.189 -0.007  0.029 0.191 0.100 0.228 19.297
  378   5296.691    24.0 0.982  -1.36  2.914  0.059    23.860     2.654 0.177  0.136 -0.043 -0.005 -0.012 0.143 0.100 0.184 29.415
  379   5298.272    24.0 0.982  -1.14  3.188  0.060    50.807     3.817 0.239  0.138 -0.044 -0.015 -0.016 0.146 0.100 0.187 28.521
  380   5302.303    26.0 3.281  -0.73  4.820  0.056    41.589     3.278 0.172  0.106 -0.032 -0.011 -0.010 0.112 0.100 0.160 39.035
  381   5307.361    26.0 1.607  -2.91  5.168  0.062    52.446     3.839 0.229  0.152 -0.040 -0.018 -0.017 0.159 0.100 0.198 25.535
  382   5324.179    26.0 3.211  -0.11  5.192  0.081   100.755     3.971 0.217  0.123 -0.067 -0.062 -0.027 0.156 0.100 0.202 24.538
  383   5325.543    26.1 3.221  -3.16  5.101  0.095    13.322     2.753 0.178 -0.001  0.189 -0.003  0.027 0.191 0.100 0.236 18.023
  384   5328.039    26.0 0.914  -1.47  5.410  0.080   183.891     5.640 0.262  0.226 -0.169 -0.089 -0.072 0.305 0.100 0.330  9.162
  385   5328.532    26.0 1.556  -1.85  5.340  0.101   119.362     4.761 0.232  0.175 -0.058 -0.093 -0.059 0.215 0.100 0.258 15.078
  386     5332.9    26.0 1.556  -2.78  5.270  0.070    70.156     4.012 0.241  0.157 -0.042 -0.036 -0.029 0.169 0.100 0.208 23.014
  387   5336.786    22.1 1.581   -1.6  2.906  0.073    76.973     4.075 0.232  0.037  0.181 -0.033  0.032 0.190 0.100 0.227 19.390
  388   5339.929    26.0 3.263  -0.63  5.103  0.062    65.724     3.564 0.219  0.111 -0.037 -0.026 -0.014 0.121 0.100 0.169 35.203
  389   5341.024    26.0 1.607  -1.95  5.374  0.090   113.797     4.159 0.222  0.172 -0.049 -0.081 -0.048 0.202 0.100 0.243 16.963
  390   5345.796    24.0 1.003  -0.95  3.132  0.067    57.823     4.172 0.257  0.140 -0.045 -0.019 -0.018 0.149 0.100 0.192 27.174
  391   5348.314    24.0 1.003  -1.21  2.969  0.060    32.720     3.245 0.191  0.137 -0.042 -0.006 -0.013 0.144 0.100 0.185 29.121
  392   5349.465    20.0 2.709  -0.31  4.376  0.047    32.840     2.454 0.156  0.074 -0.025 -0.007 -0.007 0.079 0.100 0.136 54.321
  393   5371.489    26.0 0.957  -1.64  5.330  0.061   166.223     3.465 0.242  0.222 -0.127 -0.101 -0.083 0.287 0.100 0.310 10.392
  394   5381.022    22.1 1.565  -1.97  2.946  0.046    58.462     2.959 0.200  0.036  0.181 -0.019  0.033 0.188 0.100 0.218 20.998
  395   5393.168    26.0 3.241  -0.72  4.936  0.048    52.152     2.882 0.173  0.109 -0.034 -0.020 -0.012 0.117 0.100 0.161 38.631
  397   5397.128    26.0 0.914  -1.98  5.275  0.087   148.807     4.332 0.235  0.215 -0.086 -0.102 -0.082 0.266 0.100 0.297 11.323
  398   5405.775    26.0 0.989  -1.85  5.170  0.098   145.433     4.804 0.233  0.211 -0.080 -0.100 -0.079 0.259 0.100 0.295 11.525
  399   5409.783    24.0 1.029  -0.67  3.150  0.066    73.902     3.640 0.216  0.143 -0.046 -0.033 -0.023 0.156 0.100 0.196 25.947
  401   5418.768    22.1 1.581  -2.13  3.005  0.053    50.885     3.182 0.227  0.036  0.181 -0.014  0.034 0.188 0.100 0.220 20.739
  402   5429.696    26.0 0.957  -1.88  5.409  0.073   158.515     3.964 0.249  0.218 -0.107 -0.101 -0.085 0.276 0.100 0.303 10.902
  403   5434.524    26.0 1.010  -2.13  5.481  0.075   146.122     3.712 0.251  0.211 -0.082 -0.101 -0.080 0.260 0.100 0.289 11.980
  404   5476.564    26.0 4.100  -0.28  5.041  0.059    26.745     2.757 0.194  0.083 -0.024 -0.006 -0.007 0.087 0.100 0.145 47.547
  405   5476.904    28.0 1.825  -0.78  4.034  0.079   107.047     3.666 0.243  0.158 -0.037 -0.074 -0.040 0.183 0.100 0.223 20.141
  407   5497.516    26.0 1.010  -2.83  5.489  0.093   114.397     4.418 0.247  0.193 -0.043 -0.077 -0.056 0.219 0.100 0.258 14.967
  408   5501.465    26.0 0.957  -3.05  5.420  0.075   103.679     3.652 0.231  0.189 -0.045 -0.072 -0.055 0.214 0.100 0.248 16.239
  409   5506.779    26.0 0.989  -2.79  5.402  0.086   113.492     4.104 0.226  0.193 -0.043 -0.076 -0.055 0.219 0.100 0.256 15.315
  410   5528.405    12.0 4.346 -0.498  5.793  0.052   108.591     3.442 0.232  0.082 -0.068 -0.035 -0.016 0.113 0.100 0.160 39.163
  411   5534.834    26.1 3.245  -2.75  5.080  0.048    26.555     2.216 0.191 -0.002  0.192 -0.004  0.029 0.194 0.100 0.224 19.988
  412   5569.618    26.0 3.414  -0.52  4.932  0.047    52.262     2.822 0.195  0.106 -0.033 -0.016 -0.011 0.113 0.100 0.158 40.141
  413   5572.842    26.0 3.394  -0.28  5.007  0.043    72.307     2.383 0.212  0.111 -0.040 -0.035 -0.017 0.124 0.100 0.165 36.650
  414   5581.965    20.0 2.523 -0.555  4.509  0.055    38.864     3.144 0.247  0.079 -0.026 -0.009 -0.009 0.084 0.100 0.142 49.739
  415   5586.756    26.0 3.366  -0.11  4.878  0.050    76.501     2.701 0.214  0.113 -0.041 -0.036 -0.018 0.127 0.100 0.169 35.001
  417   5588.749    20.0 2.524   0.21  4.321  0.057    73.161     3.276 0.221  0.085 -0.033 -0.030 -0.016 0.097 0.100 0.151 44.014
  418   5590.114    20.0 2.521 -0.571  4.216  0.055    23.759     2.435 0.194  0.078 -0.028 -0.004 -0.007 0.083 0.100 0.141 50.103
  419   5594.462    20.0 2.523  0.097  4.159  0.045    56.773     2.503 0.209  0.082 -0.027 -0.018 -0.011 0.089 0.100 0.141 50.191
  420    5598.48    20.0 2.521 -0.087  4.369  0.053    58.558     3.203 0.238  0.078 -0.031 -0.023 -0.016 0.088 0.100 0.144 48.450
  421   5601.277    20.0 2.526 -0.523  4.353  0.049    32.232     2.552 0.187  0.079 -0.028 -0.007 -0.008 0.084 0.100 0.140 51.177
  422   5615.644    26.0 3.332   0.04  5.055  0.064    96.099     3.277 0.225  0.121 -0.057 -0.056 -0.025 0.147 0.100 0.189 27.974
  423   5624.542    26.0 3.414  -0.76  5.058  0.049    45.726     2.836 0.202  0.105 -0.029 -0.013 -0.010 0.110 0.100 0.157 40.755
  425   5658.816    26.0 3.394  -0.76  5.052  0.045    46.836     2.809 0.220  0.105 -0.029 -0.014 -0.011 0.110 0.100 0.156 41.307
  426   5662.516    26.0 4.175  -0.41  4.975  0.084    16.164     2.755 0.185  0.083 -0.019 -0.001 -0.006 0.085 0.100 0.156 41.078
  427   5665.554    14.0 4.920  -2.04  5.923  0.121     6.627     1.969 0.113  0.055  0.009  0.001 -0.001 0.056 0.100 0.167 36.036
  428   5682.633    11.0 2.102 -0.706  4.486  0.085    17.725     3.062 0.210  0.062 -0.021 -0.002 -0.006 0.066 0.100 0.147 46.402
  430   5688.203    11.0 2.104 -0.406  4.312  0.058    22.471     2.498 0.214  0.061 -0.023 -0.003 -0.005 0.065 0.100 0.133 56.660
  434   5711.088    12.0 4.343 -1.724  5.628  0.052    22.506     2.256 0.184  0.068 -0.022 -0.003 -0.006 0.072 0.100 0.134 55.997
  435   5754.656    28.0 1.934  -2.22  4.092  0.053    26.548     2.581 0.252  0.133 -0.026 -0.006 -0.011 0.136 0.100 0.177 31.916
  436   5762.992    26.0 4.209  -0.36  5.131  0.054    22.308     2.247 0.206  0.082 -0.019 -0.004 -0.006 0.084 0.100 0.142 49.865
  440   5857.451    20.0 2.930   0.23  4.292  0.048    44.756     2.836 0.235  0.071 -0.028 -0.012 -0.009 0.078 0.100 0.135 54.481
  441   5866.451    22.0 1.066  -0.79  2.701  0.117     8.509     2.368 0.174  0.138 -0.040 -0.001 -0.012 0.144 0.100 0.211 22.483
  442   5889.951    11.0 0.000  0.108  4.538  0.029   242.148     3.848 0.304  0.164 -0.195 -0.037 -0.027 0.259 0.100 0.279 12.843
  443   5892.872    28.0 1.984  -2.22  3.652  0.066    10.211     1.501 0.119  0.132 -0.024 -0.002 -0.008 0.134 0.100 0.180 30.840
  444   5895.924    11.0 0.000 -0.194  4.726  0.030   228.303     3.475 0.311  0.163 -0.183 -0.042 -0.031 0.251 0.100 0.271 13.571
  445   5948.545    14.0 5.082 -1.231  5.924  0.066    23.716     2.931 0.273  0.054  0.008 -0.004 -0.001 0.055 0.100 0.132 57.624
  446   6102.723    20.0 1.879 -0.793  4.413  0.035    67.175     2.171 0.240  0.104 -0.037 -0.022 -0.015 0.114 0.100 0.155 41.459
  447   6108.116    28.0 1.675   -2.6  3.951  0.052    18.860     1.842 0.191  0.144 -0.023 -0.003 -0.011 0.146 0.100 0.185 29.326
  448   6122.217    20.0 1.886 -0.316  4.601  0.052   105.438     2.929 0.241  0.117 -0.065 -0.052 -0.026 0.146 0.100 0.184 29.413
  449   6162.173    20.0 1.899  -0.09  4.587  0.050   116.654     2.811 0.262  0.122 -0.078 -0.058 -0.028 0.158 0.100 0.194 26.584
  450   6169.042    20.0 2.523 -0.797  4.424  0.050    23.944     2.217 0.220  0.080 -0.026 -0.004 -0.007 0.085 0.100 0.140 50.911
  451   6169.563    20.0 2.526 -0.478  4.456  0.041    41.644     2.409 0.247  0.082 -0.028 -0.009 -0.009 0.088 0.100 0.139 51.674
  452   6191.169    28.0 1.675  -2.47  3.929  0.049    23.307     2.138 0.204  0.140 -0.025 -0.004 -0.011 0.143 0.100 0.181 30.521
  453    6219.28    26.0 2.196  -2.45  5.233  0.049    44.858     3.037 0.248  0.138 -0.033 -0.015 -0.015 0.143 0.100 0.182 30.317
  455   6246.319    26.0 3.600  -0.77  5.072  0.042    35.153     2.317 0.261  0.101 -0.026 -0.008 -0.008 0.105 0.100 0.151 43.917
  456   6247.559    26.1 3.892   -2.3  5.247  0.068    21.878     2.772 0.261 -0.015  0.199 -0.004  0.029 0.202 0.100 0.235 18.081
  457   6265.134    26.0 2.174  -2.54  5.193  0.042    38.791     2.477 0.256  0.138 -0.029 -0.009 -0.013 0.142 0.100 0.179 31.348
  460    6335.33    26.0 2.196  -2.18  5.212  0.039    61.028     2.463 0.244  0.142 -0.032 -0.024 -0.018 0.149 0.100 0.183 29.753
  461   6336.824    26.0 3.684  -0.85  5.120  0.041    28.621     2.016 0.186  0.097 -0.022 -0.006 -0.008 0.100 0.100 0.147 46.136
  463   6400.001    26.0 3.603  -0.27  5.080  0.052    65.681     3.031 0.266  0.106 -0.029 -0.025 -0.015 0.114 0.100 0.160 39.014
  464   6408.018    26.0 3.684  -0.99  5.093  0.048    21.456     1.957 0.244  0.097 -0.023 -0.004 -0.007 0.100 0.100 0.149 44.827
  465   6411.649    26.0 3.651  -0.59  5.108  0.035    44.514     2.105 0.225  0.101 -0.025 -0.012 -0.011 0.105 0.100 0.149 44.809
  466   6430.846    26.0 2.174  -1.95  5.152  0.038    73.965     2.308 0.254  0.147 -0.028 -0.029 -0.022 0.154 0.100 0.188 28.439
  467   6432.677    26.1 2.891  -3.57  5.179  0.075    16.413     2.542 0.251  0.006  0.194 -0.002  0.033 0.197 0.100 0.233 18.385
  468   6439.075    20.0 2.524   0.47  4.368  0.037    93.468     2.002 0.263  0.092 -0.033 -0.048 -0.027 0.112 0.100 0.155 41.743
  469   6449.808    20.0 2.521 -0.502  4.457  0.043    41.239     2.506 0.262  0.080 -0.026 -0.013 -0.012 0.086 0.100 0.139 51.978
  470   6456.381    26.1 3.903  -2.05  5.186  0.079    29.816     3.818 0.312 -0.016  0.201 -0.007  0.029 0.204 0.100 0.240 17.304
  471    6499.65    20.0 2.523 -0.818  4.462  0.052    25.191     2.371 0.249  0.081 -0.025 -0.005 -0.007 0.085 0.100 0.141 50.088
  472   6516.077    26.1 2.891  -3.37  5.439  0.040    36.845     2.288 0.232  0.005  0.196 -0.011  0.034 0.199 0.100 0.227 19.486
  473    6643.63    28.0 1.675  -2.22  4.024  0.036    42.843     2.065 0.256  0.145 -0.020 -0.010 -0.014 0.147 0.100 0.182 30.287
  476   6717.681    20.0 2.709 -0.524  4.537  0.050    32.886     2.694 0.277  0.075 -0.027 -0.007 -0.011 0.081 0.100 0.138 52.562
  477   6767.772    28.0 1.825  -2.14  4.006  0.051    36.264     2.978 0.268  0.140 -0.022 -0.009 -0.013 0.143 0.100 0.181 30.362
  481   7698.974    19.0 0.000 -0.178  3.475  0.026    82.328     1.688 0.282  0.114 -0.027 -0.030 -0.020 0.123 0.100 0.160 38.907
  482   7714.308    28.0 1.934   -2.0  3.874  0.037    32.582     2.036 0.291  0.139 -0.019 -0.007 -0.012 0.141 0.100 0.177 32.005
  483    7788.93    28.0 1.949  -2.18  4.082  0.040    33.387     2.231 0.323  0.139 -0.019 -0.006 -0.011 0.141 0.100 0.177 31.807
  485     5526.0    21.1   nan    nan  0.820  0.091 -9999.000 -9999.000 0.179  0.027  0.184 -0.014  0.038 0.190 0.200 0.291 11.826
  486     5030.0    21.1   nan    nan  0.819  0.163 -9999.000 -9999.000 0.182 -0.007  0.190 -0.016  0.025 0.192 0.200 0.322  9.670
  487     4669.0    21.1   nan    nan  1.100  0.077 -9999.000 -9999.000 0.175 -0.007  0.190 -0.018  0.036 0.194 0.200 0.289 11.956
  488     4415.0    21.1   nan    nan  0.850  0.070 -9999.000 -9999.000 0.149  0.036  0.145 -0.023  0.022 0.153 0.200 0.261 14.668
  489     4399.0    21.1   nan    nan  0.761  0.084 -9999.000 -9999.000 0.149  0.062  0.146 -0.051  0.009 0.167 0.200 0.274 13.354
  490     4824.0    25.0   nan    nan  2.597  0.097 -9999.000 -9999.000 0.146  0.122 -0.033 -0.001 -0.005 0.126 0.200 0.256 15.306
  491     4782.0    25.0   nan    nan  2.695  0.055 -9999.000 -9999.000 0.149  0.102 -0.044 -0.014 -0.012 0.112 0.200 0.236 17.971
  492     4766.0    25.0   nan    nan  2.663  0.054 -9999.000 -9999.000 0.135  0.069 -0.096 -0.003 -0.027 0.121 0.200 0.240 17.377
  493     4762.0    25.0   nan    nan  2.668  0.052 -9999.000 -9999.000 0.134  0.069 -0.093 -0.004 -0.027 0.119 0.200 0.238 17.590
  494     4753.0    25.0   nan    nan  2.643  0.113 -9999.000 -9999.000 0.173  0.098 -0.033 -0.005 -0.005 0.104 0.200 0.252 15.749
  495     4310.0   106.0   nan    nan  5.656  0.012 -9999.000 -9999.000 0.146  0.224 -0.154 -0.001  0.086 0.285 0.100 0.302 10.965
  496     4323.0   106.0   nan    nan  5.729  0.018 -9999.000 -9999.000 0.148  0.194 -0.135  0.007  0.086 0.252 0.100 0.272 13.549
  497     4246.0    21.1   nan    nan  1.414  0.102 -9999.000 -9999.000 0.160 -0.129  0.233 -0.156 -0.083 0.319 0.200 0.390  6.565
  498     4313.0    21.1   nan    nan  1.153  0.158 -9999.000 -9999.000 0.152 -0.036  0.421 -0.104 -0.021 0.435 0.200 0.504  3.930
  499     4324.0    21.1   nan    nan  0.909  0.083 -9999.000 -9999.000 0.147  0.030  0.204 -0.085 -0.003 0.223 0.200 0.311 10.355
  500     4040.0    25.0   nan    nan  2.652  0.107 -9999.000 -9999.000 0.168  0.127 -0.027 -0.001 -0.001 0.130 0.200 0.261 14.659
  502     3962.0    13.0   nan    nan  3.802  0.119 -9999.000 -9999.000 0.153  0.156 -0.209 -0.069 -0.023 0.271 0.300 0.421  5.637
  504     3906.0    14.0   nan    nan  5.670  0.073 -9999.000 -9999.000 0.156  0.082 -0.076  0.001 -0.018 0.113 0.100 0.168 35.450
  505     4384.0    23.0   nan    nan  1.511  0.057 -9999.000 -9999.000 0.147  0.133  0.034 -0.005 -0.027 0.140 0.100 0.181 30.475
  506     4379.0    23.0   nan    nan  1.439  0.055 -9999.000 -9999.000 0.151  0.097  0.001  0.001 -0.037 0.104 0.100 0.154 42.005
  507     4006.0    23.1   nan    nan  1.768  0.093 -9999.000 -9999.000 0.156 -0.000  0.191 -0.006  0.012 0.191 0.100 0.235 18.115
  508     3952.0    23.1   nan    nan  1.912  0.138 -9999.000 -9999.000 0.148 -0.024  0.195 -0.022  0.030 0.200 0.100 0.263 14.496
  510     4020.0    27.0   nan    nan  2.855  0.093 -9999.000 -9999.000 0.160  0.125 -0.003 -0.003 -0.003 0.125 0.100 0.185 29.160
  511     4110.0    27.0   nan    nan  2.745  0.096 -9999.000 -9999.000 0.150  0.128 -0.031 -0.003 -0.013 0.132 0.100 0.192 27.262
  512     4119.0    27.0   nan    nan  2.562  0.103 -9999.000 -9999.000 0.154  0.161 -0.061 -0.046 -0.036 0.182 0.100 0.231 18.665
  513     4121.0    27.0   nan    nan  2.560  0.102 -9999.000 -9999.000 0.152  0.172 -0.063 -0.046 -0.037 0.192 0.100 0.240 17.404
  515     4078.0    38.1   nan    nan  0.520  0.105 -9999.000 -9999.000 0.188  0.126  0.148 -0.065  0.043 0.209 0.100 0.254 15.473
  516     4215.0    38.1   nan    nan  0.725  0.109 -9999.000 -9999.000 0.155  0.095  0.107 -0.003  0.024 0.146 0.100 0.207 23.226
  517     4900.0    39.1   nan    nan -0.317  0.064 -9999.000 -9999.000 0.163  0.035  0.177 -0.011  0.028 0.183 0.100 0.218 20.987
  518     4884.0    39.1   nan    nan -0.457  0.095 -9999.000 -9999.000 0.155  0.016  0.187 -0.014  0.037 0.192 0.100 0.236 17.932
  519     4397.0    39.1   nan    nan -0.386  0.060 -9999.000 -9999.000 0.142  0.061  0.174 -0.009  0.032 0.187 0.100 0.220 20.587
  520     4208.0    40.1   nan    nan  0.273  0.059 -9999.000 -9999.000 0.141  0.017  0.213 -0.010  0.023 0.215 0.100 0.245 16.710
  521     4554.0    56.1   nan    nan -0.418  0.115 -9999.000 -9999.000 0.166  0.035  0.062 -0.093 -0.039 0.123 0.200 0.262 14.613
  523     5854.0    56.1   nan    nan -0.365  0.080 -9999.000 -9999.000 0.215  0.055  0.182 -0.017  0.039 0.195 0.200 0.290 11.858
  524     6142.0    56.1   nan    nan -0.354  0.074 -9999.000 -9999.000 0.210  0.062  0.183 -0.059  0.029 0.204 0.200 0.295 11.459
  525     6496.0    56.1   nan    nan -0.221  0.063 -9999.000 -9999.000 0.235  0.054  0.197 -0.057  0.034 0.215 0.200 0.300 11.103
  526     4086.0    57.1   nan    nan -1.309  0.133 -9999.000 -9999.000 0.171  0.018  0.192 -0.009  0.038 0.197 0.100 0.258 15.013
  527     4122.0    57.1   nan    nan -1.275  0.097 -9999.000 -9999.000 0.151  0.024  0.186 -0.000  0.036 0.191 0.100 0.236 17.929
  528     4334.0    57.1   nan    nan -1.302  0.059 -9999.000 -9999.000 0.148  0.053  0.166  0.001  0.036 0.178 0.100 0.213 22.096
  529     4430.0    57.1   nan    nan -1.302  0.086 -9999.000 -9999.000 0.151  0.055  0.142  0.000  0.038 0.157 0.100 0.205 23.773
  530     4921.0    57.1   nan    nan -1.651  0.149 -9999.000 -9999.000 0.171  0.043  0.160  0.013  0.037 0.171 0.100 0.247 16.329
  533     4102.0    66.1   nan    nan -0.911  0.094 -9999.000 -9999.000 0.156  0.015  0.206  0.001  0.033 0.209 0.100 0.250 15.979
  534     4129.0    63.1   nan    nan -1.612  0.078 -9999.000 -9999.000 0.135  0.050  0.185 -0.001  0.036 0.195 0.100 0.233 18.498
  535     4205.0    63.1   nan    nan -1.699  0.053 -9999.000 -9999.000 0.139  0.070  0.196  0.007  0.044 0.213 0.100 0.241 17.204
  536     4435.0    63.1   nan    nan -1.610  0.081 -9999.000 -9999.000 0.160  0.108  0.131 -0.024  0.022 0.173 0.100 0.216 21.451
  539     3877.0   607.0   nan    nan  6.104  0.035 -9999.000 -9999.000 0.164  0.278 -0.100  0.005  0.091 0.309 0.300 0.432  5.359
  484     6300.0     8.0   nan    nan  7.224    nan       nan       nan   nan    nan    nan    nan    nan   nan   nan   nan    nan
