index wavelength species expot  loggf logeps e_stat       eqw     e_eqw   fwhm e_Teff e_logg   e_vt   e_MH  e_sp e_sys e_tot weight
----- ---------- ------- ----- ------ ------ ------ --------- --------- ------ ------ ------ ------ ------ ----- ----- ----- ------
   26    3876.04    26.0 1.010  -2.89  5.719  0.183    90.627     6.392  0.148  0.171 -0.065 -0.094 -0.048 0.211 0.100 0.297 11.351
   29   3900.539    22.1 1.130  -0.29  3.027  0.178   125.935     6.982  0.154  0.044  0.078 -0.119  0.047 0.156 0.100 0.257 15.134
   31   3904.783    22.0 0.899   0.15  2.963  0.118    53.735     5.981  0.149  0.132 -0.038 -0.028 -0.022 0.142 0.100 0.210 22.696
   34   3917.181    26.0 0.989  -2.15  5.238  0.172   103.012     6.883  0.150  0.173 -0.078 -0.095 -0.043 0.217 0.100 0.294 11.564
   35    3924.53    22.0 0.021  -0.87  2.663  0.089    38.831     4.582  0.151  0.163 -0.031 -0.012 -0.012 0.167 0.100 0.214 21.863
   37   3941.275    26.0 3.263  -1.03  5.061  0.095    28.952     4.474 -0.099  0.100 -0.017 -0.008 -0.004 0.102 0.100 0.171 34.019
   40   3948.097    26.0 3.241  -0.59  5.203  0.096    58.998     4.404  0.126  0.103 -0.028 -0.033 -0.015 0.113 0.100 0.179 31.324
   42   3955.341    26.0 3.281  -1.05  5.468  0.092    47.335     4.770  0.135  0.100 -0.024 -0.020 -0.009 0.105 0.100 0.172 33.873
   43   3958.205    22.0 0.048  -0.11  2.807  0.111    80.772     4.413  0.141  0.166 -0.055 -0.071 -0.045 0.194 0.100 0.245 16.675
   48   3987.606    22.1 0.607  -2.73  3.269  0.106    68.548     4.766  0.140  0.042  0.175 -0.047  0.046 0.192 0.100 0.241 17.256
   49   3989.758    22.0 0.021  -0.13  2.906  0.122    85.789     4.567  0.143  0.170 -0.058 -0.070 -0.042 0.197 0.100 0.253 15.671
   50   3998.636    22.0 0.048   0.02  2.724  0.122    83.322     4.763  0.142  0.167 -0.057 -0.065 -0.039 0.192 0.100 0.249 16.189
   51   4001.661    26.0 2.174   -1.9  5.198  0.088    55.361     4.294  0.129  0.129 -0.027 -0.033 -0.016 0.137 0.100 0.191 27.427
   53   4008.927    22.0 0.021   -1.0  3.097  0.081    55.654     4.246  0.216  0.162 -0.040 -0.026 -0.024 0.171 0.100 0.214 21.902
   55   4025.129    22.1 0.607  -2.11  3.033  0.100    85.105     3.853  0.138  0.041  0.166 -0.075  0.043 0.192 0.100 0.238 17.633
   56   4028.338    22.1 1.890  -0.92  3.043  0.089    72.325     3.825  0.138  0.013  0.171 -0.047  0.042 0.183 0.100 0.227 19.491
   57   4030.185    26.0 2.196  -2.31  5.328  0.062    39.843     3.247  0.134  0.127 -0.022 -0.018 -0.012 0.131 0.100 0.176 32.335
   58   4032.627    26.0 1.484  -2.38  5.209  0.094    71.908     3.803  0.141  0.151 -0.039 -0.051 -0.029 0.167 0.100 0.216 21.459
   59   4053.821    22.1 1.891  -1.07  2.863  0.077    56.883     3.909  0.128  0.010  0.179 -0.031  0.044 0.187 0.100 0.226 19.620
   60   4056.187    22.1 0.607  -3.28  2.949  0.054    24.986     2.391  0.127  0.044  0.184 -0.005  0.067 0.201 0.100 0.231 18.789
   63   4067.978    26.0 3.209  -0.53  5.212  0.074    65.319     3.386  0.143  0.105 -0.042 -0.039 -0.021 0.121 0.100 0.174 33.082
   64   4070.771    26.0 3.239  -0.87  5.220  0.065    46.985     3.432  0.128  0.101 -0.025 -0.019 -0.010 0.106 0.100 0.160 39.196
   65   4073.762    26.0 3.263  -0.97  5.104  0.070    34.474     3.552  0.099  0.099 -0.019 -0.010 -0.006 0.101 0.100 0.159 39.684
   68   4080.209    26.0 3.281  -1.18  5.077  0.089    22.875     3.702  0.099  0.097 -0.016 -0.007 -0.004 0.099 0.100 0.166 36.164
   70   4098.176    26.0 3.239  -0.97  5.104  0.070    35.946     3.610  0.131  0.100 -0.019 -0.012 -0.006 0.103 0.100 0.160 39.305
   71   4102.936    14.0 1.909 -3.336  6.175  0.097   108.896     4.626  0.183  0.134 -0.048 -0.060 -0.024 0.156 0.100 0.209 22.807
   72   4104.114    26.0 3.263  -1.27  5.546  0.083    41.698     4.411  0.164  0.100 -0.022 -0.016 -0.009 0.104 0.100 0.166 36.087
   75   4120.206    26.0 2.988  -1.23  5.429  0.075    54.096     3.793  0.164  0.107 -0.026 -0.027 -0.016 0.114 0.100 0.170 34.800
   76   4121.802    26.0 2.829  -1.28  5.264  0.066    52.406     3.369  0.135  0.111 -0.025 -0.029 -0.020 0.119 0.100 0.169 35.034
   79   4139.927    26.0 0.989  -3.51  5.156  0.055    42.991     3.030  0.118  0.158 -0.028 -0.018 -0.013 0.162 0.100 0.198 25.467
   80   4143.415    26.0 3.047  -0.21  5.595  0.112   100.719     4.347  0.174  0.123 -0.101 -0.091 -0.037 0.187 0.100 0.240 17.384
   82   4147.669    26.0 1.484  -2.07  5.182  0.074    84.358     2.767  0.134  0.157 -0.049 -0.070 -0.040 0.183 0.100 0.221 20.397
   83   4150.249    26.0 3.428  -1.19  5.325  0.062    26.033     2.777  0.126  0.095 -0.016 -0.007 -0.006 0.097 0.100 0.152 43.083
   85     4153.9    26.0 3.397  -0.28  5.263  0.103    70.059     4.667  0.160  0.101 -0.050 -0.044 -0.022 0.123 0.100 0.189 27.987
   86   4158.792    26.0 3.428   -0.7  5.308  0.063    49.759     3.203  0.166  0.098 -0.025 -0.020 -0.010 0.104 0.100 0.157 40.487
   87   4161.529    22.1 1.083  -2.09  3.007  0.066    61.196     3.375  0.134  0.030  0.177 -0.036  0.053 0.191 0.100 0.225 19.727
   89   4171.904    22.1 2.596   -0.3  3.024  0.105    63.507     4.855  0.158  0.000  0.176 -0.034  0.041 0.184 0.100 0.234 18.235
   90   4173.921    26.0 0.989  -3.29  5.515  0.074    72.146     3.179  0.151  0.166 -0.041 -0.051 -0.032 0.181 0.100 0.220 20.687
   91   4174.913    26.0 0.914  -2.94  5.773  0.144    99.204     5.333  0.158  0.181 -0.071 -0.096 -0.054 0.223 0.100 0.284 12.396
   92   4178.855    26.1 2.583  -2.51  5.351  0.076    72.677     3.355  0.146 -0.004  0.182 -0.053  0.039 0.194 0.100 0.231 18.780
   93   4184.312    22.1 1.079  -2.49  3.323  0.059    57.573     2.810  0.135  0.032  0.180 -0.024  0.058 0.193 0.100 0.225 19.667
   94   4187.039    26.0 2.450  -0.56  5.239  0.083   104.647     3.821  0.160  0.142 -0.123 -0.077 -0.026 0.205 0.100 0.242 17.010
   95   4199.095    26.0 3.045   0.17  5.126  0.102    97.725     3.863  0.158  0.120 -0.073 -0.090 -0.043 0.172 0.100 0.224 19.967
   97   4216.184    26.0 0.000  -3.36  5.302  0.113   107.408     4.134  0.160  0.212 -0.072 -0.109 -0.060 0.256 0.100 0.297 11.315
   98   4233.163    26.1 2.583  -2.02  5.471  0.083    99.266     3.614  0.174  0.000  0.158 -0.079  0.030 0.179 0.100 0.221 20.410
   99   4233.603    26.0 2.482   -0.6  5.211  0.069   100.591     3.081  0.149  0.140 -0.111 -0.075 -0.029 0.196 0.100 0.231 18.815
  100   4250.787    26.0 1.556  -0.71  5.257  0.065   145.790     4.394  0.185  0.174 -0.171 -0.074 -0.011 0.255 0.100 0.282 12.604
  101   4282.403    26.0 2.174  -0.78  5.220  0.093   104.161     3.462  0.158  0.148 -0.071 -0.101 -0.052 0.200 0.100 0.242 17.094
  102   4283.011    20.0 1.886 -0.224  4.773  0.091    96.317     3.881  0.184  0.103 -0.092 -0.069 -0.039 0.159 0.100 0.209 22.916
  103   4287.403    22.0 0.835  -0.37  2.923  0.068    31.061     3.439  0.123  0.139 -0.032 -0.009 -0.011 0.143 0.100 0.188 28.432
  105   4291.463    26.0 0.052  -4.08  5.676  0.104    93.735     3.888  0.160  0.207 -0.057 -0.082 -0.051 0.235 0.100 0.276 13.116
  106   4295.749    22.0 0.812  -0.42  2.903  0.080    29.013     3.905  0.157  0.139 -0.032 -0.007 -0.010 0.143 0.100 0.192 27.104
  111   4316.794    22.1 2.046  -1.62  3.010  0.066    28.292     3.148  0.158  0.013  0.183 -0.007  0.053 0.191 0.100 0.226 19.657
  112   4318.652    20.0 1.899  -0.21  4.258  0.072    73.923     3.347  0.133  0.093 -0.050 -0.044 -0.032 0.119 0.100 0.171 34.137
  113    4320.95    22.1 1.164  -1.88  3.399  0.103    85.887     4.216  0.173  0.027  0.165 -0.067  0.038 0.184 0.100 0.233 18.350
  116   4330.238    22.1 2.046  -1.64  2.935  0.053    24.168     2.289  0.113  0.014  0.183 -0.006  0.054 0.191 0.100 0.222 20.224
  117   4330.698    22.1 1.179  -2.09  3.016  0.061    57.343     2.999  0.138  0.030  0.181 -0.024  0.057 0.194 0.100 0.226 19.528
  118   4331.642    28.0 1.675  -2.27  3.893  0.067    18.998     2.453  0.103  0.132 -0.009 -0.005 -0.002 0.132 0.100 0.179 31.227
  119   4337.046    26.0 1.556   -1.7  5.701  0.072   119.488     3.281  0.188  0.172 -0.108 -0.093 -0.041 0.227 0.100 0.258 14.978
  120   4344.502    24.0 1.003  -0.65  3.345  0.087    70.159     3.963  0.147  0.138 -0.045 -0.045 -0.032 0.155 0.100 0.204 23.988
  123   4358.501    26.0 2.947  -1.57  5.597  0.078    49.183     4.165  0.206  0.110 -0.024 -0.020 -0.017 0.116 0.100 0.172 33.956
  124   4367.903    26.0 1.607  -2.88  5.629  0.237    64.467    11.075  0.149  0.148 -0.032 -0.036 -0.025 0.158 0.100 0.302 10.987
  125    4375.93    26.0 0.000   -3.0  5.270  0.083   122.517     3.303  0.159  0.222 -0.101 -0.115 -0.061 0.276 0.100 0.305 10.716
  127   4389.245    26.0 0.052  -4.55  5.560  0.062    69.989     2.899  0.136  0.194 -0.039 -0.045 -0.036 0.206 0.100 0.237 17.755
  128   4394.059    22.1 1.220  -1.77  3.192  0.057    79.637     2.553  0.148  0.028  0.172 -0.054  0.045 0.188 0.100 0.220 20.594
  130   4395.839    22.1 1.242  -1.93  3.103  0.056    66.653     3.036  0.154  0.028  0.177 -0.036  0.052 0.190 0.100 0.222 20.305
  131   4399.765    22.1 1.236   -1.2  3.267  0.065   105.257     2.570  0.168  0.032  0.155 -0.096  0.028 0.187 0.100 0.222 20.294
  132   4401.541    28.0 3.191   0.06  4.217  0.067    62.879     3.261  0.196  0.097 -0.025 -0.035 -0.017 0.107 0.100 0.161 38.405
  135   4409.518    22.1 1.230  -2.53  3.281  0.073    44.792     3.950  0.196  0.028  0.185 -0.014  0.058 0.196 0.100 0.232 18.553
  136   4411.073    22.1 3.092  -0.65  3.302  0.048    31.897     2.373  0.159 -0.007  0.183 -0.008  0.043 0.188 0.100 0.219 20.940
  137    4411.93    22.1 1.223  -2.62  3.129  0.058    32.198     2.997  0.148  0.029  0.182 -0.008  0.061 0.194 0.100 0.226 19.564
  139   4416.818    26.1 2.778  -2.57  5.607  0.057    73.280     2.548  0.163 -0.007  0.183 -0.045  0.040 0.193 0.100 0.225 19.836
  140   4418.331    22.1 1.236  -1.99  3.271  0.067    72.385     3.174  0.156  0.028  0.175 -0.050  0.048 0.190 0.100 0.225 19.723
  141   4421.938    22.1 2.060  -1.64  3.094  0.049    30.960     2.444  0.137  0.013  0.182 -0.008  0.053 0.190 0.100 0.220 20.590
  143   4425.437    20.0 1.879 -0.358  4.382  0.058    75.407     2.878  0.172  0.098 -0.063 -0.040 -0.028 0.126 0.100 0.171 34.104
  145    4427.31    26.0 0.052  -2.92  5.489  0.096   132.216     4.007  0.176  0.229 -0.112 -0.118 -0.056 0.286 0.100 0.318  9.875
  147   4434.957    20.0 1.886 -0.007  4.359  0.086    90.833     4.040  0.169  0.105 -0.092 -0.055 -0.031 0.153 0.100 0.202 24.467
  148   4435.149    26.0 0.087  -4.31  5.712  0.116    85.734     4.496  0.177  0.206 -0.041 -0.069 -0.049 0.226 0.100 0.273 13.380
  151   4442.339    26.0 2.196  -1.23  5.564  0.060   106.666     2.897  0.185  0.147 -0.080 -0.072 -0.038 0.186 0.100 0.220 20.731
  152   4443.801    22.1 1.079  -0.71  3.254  0.089   131.917     3.699  0.175  0.046  0.103 -0.114  0.037 0.165 0.100 0.212 22.216
  153   4444.554    22.1 1.115   -2.2  3.157  0.060    63.609     3.120  0.164  0.025  0.179 -0.036  0.054 0.192 0.100 0.225 19.810
  154   4447.717    26.0 2.221  -1.36  5.426  0.076    92.999     3.428  0.161  0.142 -0.062 -0.068 -0.039 0.174 0.100 0.214 21.772
  156   4450.482    22.1 1.083  -1.52  3.413  0.093   106.279     3.682  0.164  0.037  0.156 -0.096  0.034 0.190 0.100 0.234 18.273
  157   4450.894    22.0 1.878   0.32  2.975  0.084    13.698     2.444  0.147  0.113 -0.025 -0.004 -0.005 0.116 0.100 0.175 32.795
  158   4453.313    22.0 1.429  -0.03  2.857  0.086    15.131     2.729  0.101  0.124 -0.028 -0.003 -0.007 0.127 0.100 0.183 29.749
  160   4454.779    20.0 1.899  0.258  4.611  0.060   115.531     3.250  0.186  0.117 -0.157 -0.063 -0.023 0.207 0.100 0.238 17.719
  161   4455.317    22.0 1.442    0.1  2.735  0.052    14.932     1.611  0.098  0.123 -0.028 -0.003 -0.007 0.126 0.100 0.169 34.872
  162   4455.887    20.0 1.899 -0.518  4.486  0.053    71.668     2.639  0.141  0.098 -0.056 -0.036 -0.026 0.121 0.100 0.166 36.335
  163   4457.427    22.0 1.459   0.26  3.263  0.063    44.749     3.577  0.202  0.124 -0.032 -0.015 -0.015 0.130 0.100 0.176 32.446
  165   4461.653    26.0 0.087  -3.19  5.376  0.075   116.555     3.044  0.156  0.218 -0.085 -0.112 -0.068 0.268 0.100 0.296 11.423
  167   4468.493    22.1 1.130  -0.63  3.269  0.099   133.766     4.192  0.198  0.045  0.098 -0.113  0.039 0.161 0.100 0.214 21.872
  168   4469.151    22.1 1.083  -2.55  3.384  0.060    59.563     3.275  0.186  0.032  0.180 -0.027  0.056 0.193 0.100 0.226 19.650
  169   4470.477    28.0 3.396   -0.3  4.038  0.079    24.262     3.389  0.162  0.089 -0.005 -0.006 -0.001 0.089 0.100 0.156 41.280
  170   4471.237    22.0 1.732  -0.15  3.366  0.058    16.335     1.891  0.126  0.116 -0.026 -0.003 -0.006 0.119 0.100 0.166 36.308
  173    4484.22    26.0 3.600  -0.64  5.281  0.043    42.484     2.365  0.148  0.093 -0.022 -0.017 -0.013 0.098 0.100 0.146 46.640
  175   4489.739    26.0 0.121   -3.9  5.575  0.076    95.680     3.040  0.162  0.207 -0.051 -0.083 -0.058 0.236 0.100 0.267 13.990
  176     4491.4    26.1 2.856  -2.71  5.398  0.060    51.781     3.158  0.160 -0.008  0.189 -0.022  0.046 0.196 0.100 0.228 19.236
  177   4493.522    22.1 1.079  -2.78  3.173  0.058    35.308     3.123  0.153  0.032  0.182 -0.009  0.062 0.195 0.100 0.227 19.441
  178   4494.563    26.0 2.196  -1.14  5.513  0.083   109.250     4.141  0.178  0.149 -0.082 -0.072 -0.038 0.189 0.100 0.229 19.068
  180    4501.27    22.1 1.115  -0.77  3.314  0.107   131.135     4.474  0.189  0.044  0.107 -0.114  0.036 0.166 0.100 0.222 20.355
  181   4508.281    26.1 2.856  -2.42  5.498  0.062    71.503     2.941  0.169 -0.010  0.183 -0.044  0.040 0.193 0.100 0.226 19.619
  182   4512.734    22.0 0.835   -0.4  3.101  0.056    39.830     3.108  0.198  0.138 -0.035 -0.014 -0.015 0.144 0.100 0.184 29.562
  183   4515.334    26.1 2.844   -2.6  5.593  0.076    67.948     3.584  0.167 -0.013  0.184 -0.040  0.039 0.193 0.100 0.230 18.895
  184   4518.022    22.0 0.825  -0.25  2.883  0.039    36.895     2.134  0.129  0.141 -0.031 -0.010 -0.014 0.145 0.100 0.181 30.618
  185   4518.332    22.1 1.079  -2.56  3.213  0.045    49.858     2.560  0.133  0.033  0.181 -0.017  0.059 0.194 0.100 0.223 20.143
  186   4520.221    26.1 2.807  -2.65  5.576  0.054    66.923     2.656  0.171 -0.010  0.187 -0.037  0.042 0.195 0.100 0.226 19.562
  188   4527.304    22.0 0.812  -0.45  2.967  0.051    31.776     2.607  0.155  0.140 -0.033 -0.008 -0.013 0.145 0.100 0.183 29.829
  189   4528.614    26.0 2.174  -0.89  5.566  0.054   127.753     3.430  0.206  0.152 -0.104 -0.065 -0.031 0.198 0.100 0.228 19.222
  190    4529.48    22.1 1.571  -1.75  3.318  0.063    67.945     3.088  0.174  0.020  0.177 -0.037  0.049 0.188 0.100 0.222 20.215
  191   4531.148    26.0 1.484   -2.1  5.418  0.073    97.077     3.036  0.173  0.166 -0.060 -0.080 -0.050 0.200 0.100 0.235 18.055
  192   4533.239    22.0 0.848   0.54  2.843  0.056    75.585     2.648  0.168  0.147 -0.048 -0.047 -0.037 0.166 0.100 0.202 24.614
  193   4534.776    22.0 0.835   0.35  2.786  0.051    63.859     2.659  0.162  0.144 -0.044 -0.032 -0.028 0.156 0.100 0.193 26.967
  194   4535.569    22.0 0.825   0.14  2.972  0.063    63.115     3.275  0.184  0.144 -0.041 -0.032 -0.033 0.157 0.100 0.196 25.974
  195   4544.687    22.0 0.818  -0.45  3.030  0.046    34.674     2.455  0.143  0.140 -0.031 -0.010 -0.014 0.144 0.100 0.182 30.327
  196   4545.133    22.1 1.130  -2.45  2.937  0.044    37.386     2.378  0.133  0.031  0.182 -0.010  0.061 0.195 0.100 0.223 20.063
  197   4547.847    26.0 3.544  -0.82  5.291  0.052    37.021     2.696  0.157  0.094 -0.019 -0.015 -0.010 0.098 0.100 0.149 44.990
  198   4548.764    22.0 0.825  -0.28  3.004  0.049    41.944     2.726  0.170  0.141 -0.035 -0.013 -0.019 0.147 0.100 0.184 29.379
  199   4555.483    22.0 0.848   -0.4  3.067  0.043    37.439     2.335  0.154  0.140 -0.031 -0.011 -0.014 0.144 0.100 0.181 30.555
  200   4555.888    26.1 2.828   -2.4  5.410  0.064    69.895     3.055  0.171 -0.009  0.184 -0.046  0.042 0.194 0.100 0.228 19.263
  201   4558.644    24.1 4.070  -0.43  3.415  0.037    37.683     1.872  0.134 -0.026  0.183 -0.013  0.033 0.188 0.100 0.216 21.371
  202   4571.096    12.0 0.000 -5.623  6.016  0.065   103.543     2.591  0.170  0.203 -0.038 -0.048 -0.049 0.218 0.100 0.248 16.238
  203   4571.971    22.1 1.571  -0.31  3.194  0.071   123.918     2.861  0.183  0.031  0.122 -0.107  0.030 0.168 0.100 0.208 23.129
  204   4576.328    26.1 2.844  -2.95  5.378  0.042    39.273     2.241  0.142 -0.006  0.191 -0.013  0.048 0.197 0.100 0.225 19.702
  206   4582.835    26.1 2.844  -3.18  5.387  0.049    28.281     2.249  0.146 -0.005  0.194 -0.007  0.048 0.200 0.100 0.229 19.078
  207   4583.409    22.1 1.164  -2.84  3.232  0.050    30.604     2.511  0.156  0.032  0.183 -0.007  0.062 0.196 0.100 0.226 19.644
  208   4583.829    26.1 2.807  -1.94  5.628  0.067   102.192     3.045  0.196 -0.003  0.161 -0.075  0.031 0.180 0.100 0.217 21.274
  209   4588.198    24.1 4.068  -0.65  3.260  0.064    21.347     2.467  0.146 -0.023  0.185 -0.006  0.032 0.189 0.100 0.223 20.036
  210   4591.391    24.0 0.968  -1.74  3.415  0.062    22.292     2.582  0.208  0.134 -0.031 -0.006 -0.013 0.138 0.100 0.182 30.333
  212   4592.651    26.0 1.556  -2.46  5.712  0.077    91.448     3.179  0.179  0.163 -0.053 -0.072 -0.046 0.192 0.100 0.229 19.009
  213   4600.749    24.0 1.003  -1.25  3.495  0.042    48.941     2.344  0.145  0.135 -0.035 -0.018 -0.019 0.142 0.100 0.179 31.348
  214     4602.0    26.0 1.607  -3.13  5.608  0.059    51.875     3.080  0.172  0.147 -0.025 -0.021 -0.019 0.152 0.100 0.191 27.384
  215   4602.941    26.0 1.484  -2.21  5.571  0.076    98.467     2.800  0.174  0.169 -0.053 -0.086 -0.054 0.204 0.100 0.240 17.404
  218   4607.647    26.0 3.263  -1.33  5.336  0.062    30.346     3.010  0.156  0.101 -0.016 -0.008 -0.008 0.103 0.100 0.156 40.933
  220   4616.124    24.0 0.982  -1.19  3.325  0.049    44.314     2.605  0.144  0.140 -0.030 -0.011 -0.017 0.145 0.100 0.183 30.019
  221   4617.269    22.0 1.748   0.44  2.935  0.072    21.628     2.943  0.194  0.115 -0.028 -0.006 -0.009 0.119 0.100 0.171 34.117
  222   4619.288    26.0 3.600  -1.06  5.450  0.040    30.257     1.925  0.136  0.093 -0.017 -0.008 -0.007 0.095 0.100 0.144 48.421
  223   4620.513    26.1 2.828  -3.21  5.409  0.055    28.868     2.569  0.195 -0.005  0.192 -0.010  0.049 0.198 0.100 0.229 19.078
  224   4623.097    22.0 1.738   0.16  2.986  0.086    14.389     2.558  0.155  0.115 -0.025 -0.002 -0.008 0.118 0.100 0.177 31.934
  225   4625.045    26.0 3.239  -1.27  5.321  0.044    34.028     2.246  0.162  0.103 -0.021 -0.009 -0.008 0.106 0.100 0.152 43.230
  226   4626.173    24.0 0.968  -1.33  3.334  0.043    38.037     2.359  0.156  0.135 -0.033 -0.012 -0.015 0.140 0.100 0.178 31.713
  227   4629.332    26.1 2.807  -2.26  5.176  0.052    66.923     2.525  0.151 -0.011  0.186 -0.038  0.041 0.195 0.100 0.225 19.784
  228    4630.12    26.0 2.277  -2.58  5.552  0.040    36.014     2.156  0.155  0.128 -0.022 -0.010 -0.010 0.131 0.100 0.169 34.881
  229   4632.912    26.0 1.607   -2.9  5.692  0.054    68.543     2.665  0.169  0.153 -0.033 -0.040 -0.031 0.164 0.100 0.200 25.015
  230   4634.073    24.1 4.069  -1.05  3.594  0.055    18.946     1.960  0.157 -0.024  0.184 -0.006  0.032 0.188 0.100 0.220 20.611
  231   4637.503    26.0 3.281  -1.29  5.384  0.051    33.787     2.616  0.157  0.102 -0.020 -0.010 -0.008 0.105 0.100 0.154 42.427
  233   4646.162    24.0 1.029  -0.74  3.379  0.049    68.225     2.386  0.163  0.141 -0.042 -0.040 -0.033 0.156 0.100 0.192 27.221
  234   4648.652    28.0 3.417  -0.09  3.914  0.058    27.431     2.678  0.171  0.089 -0.005 -0.007 -0.003 0.089 0.100 0.146 46.797
  236   4651.291    24.0 0.982  -1.46  3.301  0.040    29.035     1.934  0.134  0.135 -0.032 -0.008 -0.012 0.139 0.100 0.176 32.198
  237   4652.157    24.0 1.003  -1.04  3.387  0.057    54.919     2.830  0.165  0.139 -0.031 -0.022 -0.021 0.146 0.100 0.186 29.022
  238   4657.201    22.1 1.242  -2.29  3.214  0.048    55.205     2.712  0.159  0.029  0.181 -0.021  0.057 0.193 0.100 0.223 20.163
  240   4678.846    26.0 3.600  -0.68  5.397  0.045    47.399     2.503  0.157  0.095 -0.025 -0.018 -0.014 0.101 0.100 0.149 45.053
  242   4702.991    12.0 4.346  -0.44  5.581  0.048    92.610     3.326  0.172  0.077 -0.100 -0.028 -0.017 0.130 0.100 0.171 34.122
  243   4707.275    26.0 3.241  -0.96  5.537  0.048    62.397     2.425  0.179  0.108 -0.038 -0.031 -0.021 0.120 0.100 0.164 37.293
  244   4708.663    22.1 1.236  -2.35  3.209  0.050    52.138     2.908  0.153  0.028  0.181 -0.019  0.058 0.193 0.100 0.223 20.092
  245   4714.417    28.0 3.377   0.25  3.922  0.052    47.675     2.819  0.158  0.092 -0.013 -0.018 -0.010 0.095 0.100 0.148 45.952
  246    4722.15    30.0 4.030  -0.37  2.598  0.060    29.802     2.850  0.218  0.033  0.110 -0.009  0.031 0.119 0.100 0.167 35.930
  247   4727.395    26.0 3.684  -1.06  5.567  0.055    31.515     2.763  0.164  0.090 -0.016 -0.010 -0.009 0.092 0.100 0.147 46.376
  248   4733.591    26.0 1.484  -2.99  5.540  0.056    64.010     2.850  0.156  0.154 -0.032 -0.034 -0.034 0.164 0.100 0.200 24.882
  249   4736.773    26.0 3.209  -0.67  5.374  0.068    70.768     3.325  0.162  0.111 -0.049 -0.042 -0.027 0.131 0.100 0.178 31.407
  250   4756.515    28.0 3.477  -0.27  3.797  0.070    14.350     2.089  0.140  0.087 -0.003 -0.004 -0.001 0.087 0.100 0.150 44.452
  252   4763.883    22.1 1.220   -2.4  3.349  0.043    58.741     2.427  0.184  0.028  0.181 -0.024  0.057 0.193 0.100 0.222 20.317
  253   4764.525    22.1 1.236  -2.69  3.093  0.055    27.765     2.650  0.164  0.029  0.183 -0.007  0.062 0.196 0.100 0.226 19.513
  254   4772.804    26.0 1.556   -2.9  5.199  0.055    46.025     3.112  0.166  0.147 -0.025 -0.015 -0.019 0.151 0.100 0.189 27.897
  255   4786.535    28.0 3.417  -0.18  4.145  0.080    34.550     4.173  0.208  0.090 -0.008 -0.011 -0.006 0.091 0.100 0.157 40.450
  257   4798.531    22.1 1.079  -2.66  3.256  0.057    48.137     3.168  0.191  0.031  0.186 -0.017  0.060 0.199 0.100 0.230 18.977
  259    4810.53    30.0 4.078  -0.15  2.426  0.049    29.684     2.306  0.159  0.032  0.110 -0.010  0.030 0.119 0.100 0.163 37.699
  260   4820.409    22.0 1.501  -0.38  3.191  0.081    13.083     2.295  0.125  0.122 -0.029 -0.004 -0.009 0.126 0.100 0.180 30.879
  261   4824.131    24.1 3.868  -0.92  3.796  0.066    44.115     3.427  0.186 -0.024  0.184 -0.016  0.037 0.190 0.100 0.225 19.836
  263   4840.874    22.0 0.899  -0.43  2.916  0.063    26.633     2.918  0.140  0.139 -0.032 -0.005 -0.012 0.143 0.100 0.186 28.999
  267   4864.329    24.1 3.855  -1.34  3.672  0.074    20.089     2.784  0.147 -0.021  0.184 -0.005  0.036 0.189 0.100 0.226 19.571
  268    4865.61    22.1 1.115   -2.7  3.153  0.050    38.060     2.788  0.150  0.031  0.182 -0.011  0.062 0.195 0.100 0.225 19.782
  269   4866.271    28.0 3.536  -0.22  3.899  0.064    17.044     2.178  0.129  0.086 -0.002 -0.004 -0.002 0.086 0.100 0.147 46.475
  271   4871.318    26.0 2.865  -0.34  5.372  0.065   106.532     3.295  0.189  0.138 -0.112 -0.070 -0.035 0.194 0.100 0.228 19.253
  276   4890.755    26.0 2.876  -0.38  5.263  0.061    98.860     2.935  0.174  0.134 -0.094 -0.067 -0.037 0.181 0.100 0.215 21.565
  277    4903.31    26.0 2.882  -0.89  5.153  0.050    68.855     2.528  0.170  0.119 -0.044 -0.037 -0.028 0.135 0.100 0.175 32.519
  280   4913.613    22.0 1.872   0.22  2.963  0.086    11.767     2.215  0.127  0.112 -0.027 -0.004 -0.008 0.116 0.100 0.175 32.520
  283   4923.922    26.1 2.891  -1.26  5.234  0.079   113.935     3.959  0.198 -0.002  0.156 -0.076  0.032 0.176 0.100 0.218 21.105
  284   4939.687    26.0 0.858  -3.25  5.545  0.072    89.043     2.951  0.173  0.190 -0.040 -0.066 -0.052 0.212 0.100 0.245 16.682
  285   4946.388    26.0 3.368  -1.11  5.345  0.048    36.921     2.540  0.139  0.101 -0.020 -0.011 -0.010 0.104 0.100 0.152 43.240
  286   4966.089    26.0 3.329  -0.79  5.277  0.060    53.233     3.202  0.158  0.104 -0.029 -0.022 -0.017 0.111 0.100 0.161 38.416
  289   4980.173    28.0 3.603   0.07  4.071  0.087    33.283     4.448  0.202  0.086 -0.006 -0.009 -0.006 0.087 0.100 0.158 39.811
  290   4985.253    26.0 3.926  -0.44  5.473  0.104    44.935     5.658  0.189  0.084 -0.022 -0.018 -0.018 0.090 0.100 0.170 34.477
  292    4994.13    26.0 0.914  -2.97  5.581  0.226    99.914     9.454  0.201  0.190 -0.051 -0.081 -0.060 0.221 0.100 0.332  9.096
  295   4999.503    22.0 0.825   0.32  3.272  0.199    89.717     8.851  0.196  0.159 -0.055 -0.060 -0.049 0.185 0.100 0.290 11.918
  296   5001.864    26.0 3.882  -0.01  5.121  0.137    52.245     7.323  0.150  0.090 -0.025 -0.021 -0.017 0.097 0.100 0.196 26.161
  298   5005.712    26.0 3.884  -0.12  5.188  0.139    49.536     7.480  0.172  0.090 -0.023 -0.019 -0.020 0.097 0.100 0.197 25.832
  299   5007.209    22.0 0.818   0.17  3.216  0.186    80.661     8.584  0.173  0.154 -0.047 -0.049 -0.043 0.174 0.100 0.273 13.374
  301   5012.068    26.0 0.858   -2.6  5.830  0.271   130.108    13.400  0.215  0.211 -0.103 -0.100 -0.062 0.263 0.100 0.390  6.561
  302   5013.686    22.1 1.581  -2.14  3.266  0.147    45.524     8.403  0.199  0.021  0.184 -0.015  0.058 0.195 0.100 0.264 14.389
  306   5018.435    26.1 2.891   -1.1  5.601  0.156   145.741    11.882  0.274  0.004  0.124 -0.064  0.039 0.145 0.100 0.235 18.068
  307   5020.026    22.0 0.835  -0.33  3.118  0.141    47.376     8.314  0.184  0.144 -0.036 -0.016 -0.024 0.151 0.100 0.230 18.959
  309   5022.868    22.0 0.825  -0.33  3.060  0.126    44.650     7.428  0.180  0.143 -0.036 -0.014 -0.023 0.150 0.100 0.220 20.684
  311   5028.126    26.0 3.573  -1.02  5.356  0.151    30.263     7.469  0.187  0.094 -0.015 -0.009 -0.010 0.096 0.100 0.205 23.785
  312   5035.362    28.0 3.633   0.29  3.903  0.110    34.248     5.663  0.197  0.085 -0.007 -0.010 -0.007 0.086 0.100 0.172 33.871
  315   5039.957    22.0 0.021  -1.08  2.985  0.104    52.235     6.127  0.193  0.167 -0.039 -0.018 -0.025 0.174 0.100 0.226 19.540
  319   5051.635    26.0 0.914  -2.76  5.764  0.169   117.350     7.511  0.193  0.202 -0.077 -0.096 -0.068 0.246 0.100 0.315 10.087
  323    5079.74    26.0 0.989  -3.25  5.689  0.148    89.262     6.333  0.210  0.189 -0.040 -0.065 -0.052 0.210 0.100 0.276 13.131
  324   5080.533    28.0 3.652   0.32  4.021  0.101    40.981     5.519  0.205  0.086 -0.009 -0.013 -0.009 0.088 0.100 0.167 35.805
  325   5083.339    26.0 0.957  -2.84  5.226  0.128    88.873     5.472  0.175  0.183 -0.039 -0.065 -0.052 0.205 0.100 0.261 14.636
  330   5110.413    26.0 0.000  -3.76  5.684  0.153   119.378     6.688  0.213  0.235 -0.067 -0.103 -0.081 0.277 0.100 0.332  9.067
  333    5123.72    26.0 1.010  -3.06  5.750  0.128    99.645     5.368  0.213  0.190 -0.048 -0.077 -0.060 0.219 0.100 0.273 13.456
  334    5127.36    26.0 0.914  -3.25  5.538  0.121    87.155     5.239  0.197  0.185 -0.037 -0.060 -0.050 0.204 0.100 0.258 15.075
  335   5129.156    22.1 1.890  -1.34  3.361  0.084    75.296     4.234  0.255  0.014  0.179 -0.042  0.046 0.190 0.100 0.231 18.806
  336   5133.689    26.0 4.175   0.36  5.121  0.063    54.595     3.440  0.181  0.084 -0.029 -0.023 -0.019 0.094 0.100 0.151 43.943
  337   5137.074    28.0 1.675  -1.94  4.341  0.117    61.780     6.131  0.248  0.142 -0.016 -0.029 -0.022 0.147 0.100 0.213 22.009
  338   5142.928    26.0 0.957  -3.07  5.674  0.136    98.396     5.862  0.213  0.190 -0.043 -0.079 -0.062 0.219 0.100 0.277 13.067
  340    5150.84    26.0 0.989  -3.04  5.509  0.104    91.131     4.677  0.212  0.184 -0.044 -0.072 -0.060 0.211 0.100 0.256 15.292
  341   5151.911    26.0 1.010  -3.32  5.616  0.098    82.248     4.585  0.203  0.179 -0.036 -0.054 -0.046 0.196 0.100 0.241 17.249
  342   5166.282    26.0 0.000  -4.12  5.698  0.122   105.169     5.147  0.212  0.225 -0.045 -0.083 -0.070 0.254 0.100 0.299 11.195
  344   5172.684    12.0 2.712 -0.393  5.714  0.109   282.898    27.136  0.326  0.147 -0.253 -0.014  0.029 0.294 0.100 0.329  9.213
  345   5173.743    22.0 0.000  -1.06  2.924  0.085    52.031     5.009  0.195  0.169 -0.038 -0.018 -0.025 0.176 0.100 0.219 20.756
  346   5183.604    12.0 2.717 -0.167  5.700  0.098   338.174    31.686  0.248  0.147 -0.261 -0.009  0.036 0.302 0.100 0.333  9.032
  347   5185.902    22.1 1.891  -1.41  3.062  0.074    55.654     4.271  0.184  0.013  0.183 -0.022  0.054 0.193 0.100 0.229 19.035
  348   5192.969    22.0 0.021  -0.95  3.181  0.086    71.401     4.426  0.215  0.175 -0.044 -0.036 -0.039 0.188 0.100 0.230 18.948
  349   5194.942    26.0 1.556  -2.02  5.305  0.102    97.309     4.275  0.182  0.173 -0.049 -0.074 -0.055 0.202 0.100 0.247 16.330
  350   5197.568    26.1 3.230  -2.22  5.575  0.086    68.236     4.676  0.234 -0.017  0.191 -0.031  0.045 0.199 0.100 0.239 17.497
  351   5202.336    26.0 2.174  -1.87  5.556  0.106    82.742     4.907  0.187  0.147 -0.041 -0.053 -0.041 0.167 0.100 0.221 20.401
  352   5206.023    24.0 0.941   0.02  3.475  0.135   116.335     6.546  0.212  0.169 -0.096 -0.084 -0.059 0.220 0.100 0.277 13.065
  353   5210.384    22.0 0.048  -0.82  2.971  0.068    65.342     3.428  0.195  0.177 -0.036 -0.029 -0.033 0.186 0.100 0.222 20.333
  354    5211.53    22.1 2.588  -1.41  3.203  0.075    21.248     3.031  0.143  0.002  0.185 -0.007  0.052 0.192 0.100 0.229 19.009
  355   5215.181    26.0 3.263  -0.86  5.513  0.092    67.416     4.795  0.219  0.112 -0.043 -0.034 -0.027 0.128 0.100 0.186 28.783
  356   5216.274    26.0 1.607  -2.08  5.441  0.092    97.953     3.855  0.220  0.172 -0.050 -0.075 -0.055 0.202 0.100 0.243 16.892
  357   5217.389    26.0 3.209  -1.07  5.309  0.066    48.166     3.739  0.177  0.108 -0.026 -0.018 -0.016 0.114 0.100 0.165 36.661
  359   5225.525    26.0 0.110  -4.75  5.735  0.098    71.721     4.945  0.211  0.202 -0.034 -0.039 -0.041 0.213 0.100 0.254 15.440
  360    5227.19    26.0 1.556  -1.23  5.687  0.076   154.317     4.900  0.239  0.199 -0.175 -0.085 -0.031 0.280 0.100 0.307 10.617
  362   5234.624    26.1 3.221  -2.18  5.459  0.082    63.333     4.288  0.214 -0.017  0.191 -0.034  0.046 0.200 0.100 0.238 17.616
  363   5242.491    26.0 3.632  -0.83  5.344  0.081    36.190     4.292  0.185  0.095 -0.018 -0.011 -0.014 0.098 0.100 0.162 38.127
  364   5247.565    24.0 0.960  -1.59  3.479  0.082    35.078     4.281  0.187  0.138 -0.029 -0.009 -0.016 0.142 0.100 0.192 27.066
  365   5250.646    26.0 2.196  -2.18  5.531  0.082    64.998     4.205  0.195  0.139 -0.029 -0.031 -0.028 0.148 0.100 0.197 25.885
  368   5263.306    26.0 3.263  -0.87  5.409  0.064    61.551     3.415  0.195  0.111 -0.035 -0.027 -0.021 0.121 0.100 0.170 34.707
  372   5269.537    26.0 0.858  -1.33  5.291  0.054   177.535     4.565  0.247  0.221 -0.200 -0.071 -0.017 0.307 0.100 0.327  9.338
  374   5275.997    26.1 3.199  -2.01  5.396  0.081    71.572     4.366  0.192 -0.017  0.190 -0.036  0.044 0.199 0.100 0.237 17.799
  375   5283.621    26.0 3.239  -0.45  5.322  0.059    80.306     2.933  0.205  0.119 -0.059 -0.048 -0.033 0.145 0.100 0.186 28.971
  376    5284.08    26.1 2.891  -3.11  5.667  0.075    45.034     4.094  0.230 -0.009  0.194 -0.019  0.052 0.202 0.100 0.238 17.728
  378   5296.691    24.0 0.982  -1.36  3.489  0.065    47.122     3.852  0.213  0.139 -0.035 -0.016 -0.021 0.146 0.100 0.188 28.194
  379   5298.272    24.0 0.982  -1.14  3.513  0.083    60.956     4.544  0.224  0.144 -0.038 -0.026 -0.028 0.154 0.100 0.201 24.673
  380   5302.303    26.0 3.281  -0.73  5.477  0.068    71.554     3.504  0.230  0.114 -0.048 -0.039 -0.030 0.133 0.100 0.180 30.916
  381   5307.361    26.0 1.607  -2.91  5.419  0.066    57.287     3.496  0.180  0.152 -0.025 -0.024 -0.025 0.158 0.100 0.198 25.454
  382   5324.179    26.0 3.211  -0.11  5.173  0.089    91.482     4.347  0.190  0.126 -0.078 -0.058 -0.037 0.163 0.100 0.211 22.414
  383   5325.543    26.1 3.221  -3.16  5.540  0.083    19.298     3.083  0.173 -0.013  0.194 -0.004  0.049 0.201 0.100 0.239 17.509
  384   5328.039    26.0 0.914  -1.47  5.542  0.069   182.704     6.145  0.259  0.220 -0.207 -0.067 -0.011 0.310 0.100 0.333  9.040
  386     5332.9    26.0 1.556  -2.78  5.290  0.083    60.668     4.548  0.196  0.151 -0.030 -0.031 -0.032 0.160 0.100 0.206 23.487
  387   5336.786    22.1 1.581   -1.6  3.093  0.073    67.911     4.044  0.199  0.015  0.182 -0.037  0.052 0.193 0.100 0.230 18.957
  388   5339.929    26.0 3.263  -0.63  5.407  0.091    74.343     4.601  0.200  0.116 -0.050 -0.041 -0.030 0.136 0.100 0.192 27.160
  389   5341.024    26.0 1.607  -1.95  5.449  0.093   104.959     4.104  0.201  0.177 -0.061 -0.082 -0.065 0.214 0.100 0.254 15.468
  390   5345.796    24.0 1.003  -0.95  3.253  0.081    55.737     4.627  0.191  0.138 -0.037 -0.025 -0.030 0.148 0.100 0.196 25.974
  391   5348.314    24.0 1.003  -1.21  3.367  0.061    47.532     3.523  0.185  0.141 -0.031 -0.013 -0.020 0.146 0.100 0.187 28.463
  392   5349.465    20.0 2.709  -0.31  4.495  0.072    35.301     3.843  0.197  0.074 -0.024 -0.009 -0.014 0.080 0.100 0.147 46.481
  393   5371.489    26.0 0.957  -1.64  5.289  0.086   150.559     5.062  0.218  0.216 -0.141 -0.093 -0.053 0.279 0.100 0.309 10.483
  394   5381.022    22.1 1.565  -1.97  2.994  0.058    42.332     3.382  0.157  0.021  0.184 -0.014  0.059 0.195 0.100 0.227 19.478
  395   5393.168    26.0 3.241  -0.72  5.201  0.061    60.175     3.301  0.185  0.111 -0.033 -0.026 -0.022 0.121 0.100 0.168 35.346
  397   5397.128    26.0 0.914  -1.98  5.423  0.090   142.486     4.928  0.215  0.218 -0.118 -0.094 -0.061 0.272 0.100 0.303 10.857
  398   5405.775    26.0 0.989  -1.85  5.405  0.085   143.716     4.701  0.220  0.215 -0.124 -0.094 -0.059 0.272 0.100 0.302 10.972
  399   5409.783    24.0 1.029  -0.67  3.469  0.082    80.599     4.002  0.236  0.147 -0.048 -0.052 -0.049 0.170 0.100 0.214 21.861
  401   5418.768    22.1 1.581  -2.13  3.115  0.071    39.225     4.070  0.174  0.021  0.185 -0.012  0.060 0.196 0.100 0.231 18.708
  402   5429.696    26.0 0.957  -1.88  5.554  0.073   152.971     4.395  0.230  0.220 -0.144 -0.091 -0.051 0.283 0.100 0.309 10.488
  403   5434.524    26.0 1.010  -2.13  5.277  0.100   122.549     4.712  0.215  0.206 -0.079 -0.095 -0.072 0.251 0.100 0.288 12.065
  404   5476.564    26.0 4.100  -0.28  5.373  0.069    38.748     3.684  0.214  0.084 -0.017 -0.013 -0.014 0.088 0.100 0.150 44.500
  405   5476.904    28.0 1.825  -0.78  4.099  0.096    98.142     4.092  0.223  0.159 -0.033 -0.076 -0.053 0.187 0.100 0.233 18.460
  407   5497.516    26.0 1.010  -2.83  5.697  0.098   110.372     4.408  0.223  0.202 -0.057 -0.084 -0.068 0.236 0.100 0.274 13.274
  408   5501.465    26.0 0.957  -3.05  5.509  0.085    94.989     3.894  0.214  0.193 -0.041 -0.074 -0.064 0.220 0.100 0.256 15.214
  409   5506.779    26.0 0.989  -2.79  5.505  0.091   104.757     4.162  0.205  0.197 -0.052 -0.083 -0.070 0.231 0.100 0.268 13.970
  410   5528.405    12.0 4.346 -0.498  5.733  0.062    99.752     4.089  0.208  0.083 -0.084 -0.031 -0.029 0.125 0.100 0.172 33.793
  411   5534.834    26.1 3.245  -2.75  5.311  0.061    25.583     2.696  0.174 -0.015  0.193 -0.006  0.050 0.200 0.100 0.232 18.611
  412   5569.618    26.0 3.414  -0.52  5.307  0.063    66.458     3.380  0.228  0.110 -0.041 -0.032 -0.027 0.125 0.100 0.172 33.894
  413   5572.842    26.0 3.394  -0.28  5.283  0.075    79.046     3.834  0.212  0.116 -0.057 -0.045 -0.033 0.141 0.100 0.188 28.213
  414   5581.965    20.0 2.523 -0.555  4.677  0.075    43.869     4.326  0.304  0.081 -0.026 -0.013 -0.018 0.088 0.100 0.153 42.816
  415   5586.756    26.0 3.366  -0.11  5.292  0.077    89.818     3.904  0.217  0.123 -0.074 -0.055 -0.037 0.158 0.100 0.202 24.433
  416   5587.858    28.0 1.934  -2.39  4.193  0.083    17.853     3.010  0.198  0.129 -0.009 -0.004 -0.006 0.130 0.100 0.183 29.705
  417   5588.749    20.0 2.524   0.21  4.568  0.059    79.859     3.024  0.211  0.091 -0.044 -0.041 -0.042 0.117 0.100 0.165 36.841
  418   5590.114    20.0 2.521 -0.571  4.477  0.089    32.435     4.462  0.258  0.079 -0.022 -0.006 -0.014 0.083 0.100 0.158 40.195
  419   5594.462    20.0 2.523  0.097  4.423  0.060    66.255     3.135  0.210  0.085 -0.033 -0.029 -0.030 0.100 0.100 0.154 42.273
  420    5598.48    20.0 2.521 -0.087  4.674  0.076    70.053     3.995  0.244  0.087 -0.037 -0.032 -0.035 0.106 0.100 0.164 37.086
  421   5601.277    20.0 2.526 -0.523  4.411  0.057    31.378     2.756  0.191  0.078 -0.021 -0.006 -0.014 0.082 0.100 0.141 49.983
  422   5615.644    26.0 3.332   0.04  5.632  0.076   117.937     4.532  0.254  0.137 -0.132 -0.064 -0.032 0.203 0.100 0.239 17.516
  423   5624.542    26.0 3.414  -0.76  5.377  0.054    57.259     3.039  0.208  0.107 -0.032 -0.024 -0.023 0.117 0.100 0.163 37.743
  425   5658.816    26.0 3.394  -0.76  5.574  0.076    69.450     4.017  0.261  0.112 -0.043 -0.036 -0.028 0.128 0.100 0.180 31.008
  426   5662.516    26.0 4.175  -0.41  5.300  0.071    25.253     3.156  0.238  0.081 -0.013 -0.007 -0.010 0.083 0.100 0.148 45.618
  434   5711.088    12.0 4.343 -1.724  5.833  0.066    28.885     3.315  0.211  0.068 -0.016 -0.005 -0.011 0.071 0.100 0.139 51.592
  435   5754.656    28.0 1.934  -2.22  4.369  0.055    33.083     2.868  0.223  0.132 -0.009 -0.011 -0.012 0.133 0.100 0.175 32.472
  436   5762.992    26.0 4.209  -0.36  5.433  0.059    32.105     2.998  0.218  0.081 -0.016 -0.010 -0.012 0.084 0.100 0.143 48.678
  440   5857.451    20.0 2.930   0.23  4.584  0.058    57.057     3.229  0.224  0.074 -0.033 -0.021 -0.025 0.087 0.100 0.145 47.628
  441   5866.451    22.0 1.066  -0.79  2.967  0.102    11.575     2.599  0.157  0.139 -0.027 -0.002 -0.013 0.142 0.100 0.202 24.614
  442   5889.951    11.0 0.000  0.108  4.245  0.039   204.404     4.232  0.269  0.160 -0.195 -0.040 -0.018 0.256 0.100 0.278 12.975
  443   5892.872    28.0 1.984  -2.22  4.010  0.092    16.078     3.090  0.175  0.128 -0.008 -0.004 -0.006 0.128 0.100 0.187 28.600
  444   5895.924    11.0 0.000 -0.194  4.341  0.051   184.648     4.559  0.250  0.160 -0.170 -0.048 -0.032 0.240 0.100 0.265 14.198
  445   5948.545    14.0 5.082 -1.231  5.735  0.103    14.418     3.188  0.223  0.048  0.021 -0.002  0.000 0.052 0.100 0.153 42.810
  446   6102.723    20.0 1.879 -0.793  4.511  0.052    65.770     3.096  0.234  0.105 -0.045 -0.026 -0.029 0.121 0.100 0.165 36.668
  448   6122.217    20.0 1.886 -0.316  4.621  0.065    98.428     3.625  0.232  0.120 -0.090 -0.050 -0.042 0.164 0.100 0.202 24.396
  449   6162.173    20.0 1.899  -0.09  4.709  0.045   115.733     2.714  0.248  0.128 -0.123 -0.054 -0.039 0.190 0.100 0.219 20.844
  450   6169.042    20.0 2.523 -0.797  4.542  0.062    25.837     2.816  0.237  0.080 -0.023 -0.006 -0.013 0.084 0.100 0.145 47.667
  451   6169.563    20.0 2.526 -0.478  4.499  0.051    39.466     2.856  0.230  0.082 -0.029 -0.012 -0.018 0.090 0.100 0.144 48.461
  452   6191.169    28.0 1.675  -2.47  4.219  0.063    29.668     3.150  0.211  0.139 -0.009 -0.007 -0.010 0.140 0.100 0.183 29.832
  453    6219.28    26.0 2.196  -2.45  5.492  0.052    51.156     3.072  0.215  0.139 -0.023 -0.021 -0.025 0.145 0.100 0.183 29.743
  455   6246.319    26.0 3.600  -0.77  5.228  0.043    37.831     2.332  0.232  0.098 -0.020 -0.012 -0.015 0.102 0.100 0.149 44.998
  456   6247.559    26.1 3.892   -2.3  5.574  0.080    25.265     3.478  0.325 -0.030  0.197 -0.009  0.047 0.205 0.100 0.242 17.123
  457   6265.134    26.0 2.174  -2.54  5.547  0.050    50.769     2.924  0.224  0.139 -0.023 -0.020 -0.025 0.144 0.100 0.183 29.962
  459   6301.501    26.0 3.651  -0.71  5.457  0.063    50.432     3.329  0.258  0.100 -0.017 -0.019 -0.021 0.105 0.100 0.158 39.903
  460    6335.33    26.0 2.196  -2.18  5.431  0.052    63.822     2.967  0.250  0.144 -0.023 -0.027 -0.030 0.151 0.100 0.189 28.091
  461   6336.824    26.0 3.684  -0.85  5.206  0.068    28.038     3.216  0.242  0.096 -0.016 -0.007 -0.011 0.098 0.100 0.156 41.208
  463   6400.001    26.0 3.603  -0.27  5.405  0.060    75.970     3.278  0.268  0.112 -0.049 -0.039 -0.033 0.132 0.100 0.177 32.097
  464   6408.018    26.0 3.684  -0.99  5.350  0.053    28.269     2.500  0.244  0.096 -0.013 -0.007 -0.012 0.098 0.100 0.150 44.667
  465   6411.649    26.0 3.651  -0.59  5.375  0.044    53.226     2.544  0.238  0.102 -0.028 -0.020 -0.022 0.110 0.100 0.155 41.651
  466   6430.846    26.0 2.174  -1.95  5.513  0.052    82.554     2.661  0.240  0.153 -0.031 -0.047 -0.045 0.169 0.100 0.203 24.208
  468   6439.075    20.0 2.524   0.47  4.520  0.052    93.290     2.672  0.251  0.100 -0.054 -0.052 -0.051 0.135 0.100 0.176 32.335
  469   6449.808    20.0 2.521 -0.502  4.454  0.045    36.377     2.222  0.207  0.085 -0.021 -0.009 -0.017 0.090 0.100 0.142 49.845
  470   6456.381    26.1 3.903  -2.05  5.387  0.077    27.683     3.505  0.259 -0.029  0.197 -0.008  0.048 0.205 0.100 0.241 17.257
  471    6499.65    20.0 2.523 -0.818  4.486  0.056    23.057     2.337  0.214  0.081 -0.019 -0.005 -0.013 0.084 0.100 0.142 49.375
  472   6516.077    26.1 2.891  -3.37  5.624  0.043    31.919     2.210  0.220 -0.011  0.198 -0.009  0.057 0.207 0.100 0.233 18.347
  473    6643.63    28.0 1.675  -2.22  4.157  0.045    40.902     2.590  0.224  0.142 -0.010 -0.015 -0.015 0.144 0.100 0.181 30.544
  476   6717.681    20.0 2.709 -0.524  4.612  0.057    32.876     2.867  0.243  0.078 -0.024 -0.008 -0.015 0.083 0.100 0.142 49.507
  477   6767.772    28.0 1.825  -2.14  4.148  0.053    35.371     2.904  0.234  0.137 -0.008 -0.010 -0.013 0.138 0.100 0.179 31.336
  482   7714.308    28.0 1.934   -2.0  4.157  0.045    39.361     2.557  0.239  0.137 -0.006 -0.011 -0.014 0.138 0.100 0.176 32.105
  483    7788.93    28.0 1.949  -2.18  4.387  0.058    41.451     3.377  0.317  0.137 -0.006 -0.012 -0.015 0.138 0.100 0.180 30.732
  485     5526.0    21.1   nan    nan  1.076  0.117 -9999.000 -9999.000  0.161  0.010  0.184 -0.016  0.061 0.194 0.200 0.303 10.919
  486     5030.0    21.1   nan    nan  0.957  0.163 -9999.000 -9999.000  0.190  0.000  0.196 -0.013  0.068 0.208 0.200 0.332  9.088
  487     4669.0    21.1   nan    nan  1.155  0.083 -9999.000 -9999.000  0.172 -0.010  0.194 -0.008  0.063 0.205 0.200 0.298 11.259
  488     4415.0    21.1   nan    nan  1.261  0.063 -9999.000 -9999.000  0.136  0.022  0.143 -0.023  0.035 0.151 0.200 0.258 14.987
  489     4399.0    21.1   nan    nan  1.230  0.120 -9999.000 -9999.000  0.141  0.053  0.186 -0.067  0.012 0.205 0.200 0.310 10.398
  490     4824.0    25.0   nan    nan  2.857  0.098 -9999.000 -9999.000  0.133  0.117 -0.032 -0.013 -0.014 0.123 0.200 0.255 15.437
  491     4782.0    25.0   nan    nan  2.758  0.067 -9999.000 -9999.000  0.143  0.104 -0.036 -0.005 -0.014 0.111 0.200 0.238 17.628
  492     4766.0    25.0   nan    nan  2.944  0.036 -9999.000 -9999.000  0.142  0.075 -0.073 -0.003 -0.031 0.109 0.200 0.231 18.776
  493     4762.0    25.0   nan    nan  2.990  0.035 -9999.000 -9999.000  0.143  0.076 -0.076 -0.004 -0.032 0.112 0.200 0.232 18.597
  494     4753.0    25.0   nan    nan  2.775  0.059 -9999.000 -9999.000  0.154  0.096 -0.024 -0.004 -0.007 0.099 0.200 0.231 18.731
  495     4310.0   106.0   nan    nan  6.132  0.012 -9999.000 -9999.000  0.134  0.183 -0.126 -0.003  0.157 0.272 0.100 0.290 11.879
  496     4323.0   106.0   nan    nan  6.126  0.035 -9999.000 -9999.000  0.136  0.157 -0.111  0.001  0.152 0.245 0.100 0.267 14.045
  497     4246.0    21.1   nan    nan  1.398  0.150 -9999.000 -9999.000  0.134 -0.098  0.241 -0.118 -0.118 0.309 0.200 0.397  6.334
  498     4313.0    21.1   nan    nan  1.229  0.181 -9999.000 -9999.000  0.130 -0.000  0.276 -0.090  0.010 0.291 0.200 0.396  6.364
  499     4324.0    21.1   nan    nan  0.997  0.103 -9999.000 -9999.000  0.137  0.039  0.199 -0.072  0.015 0.215 0.200 0.312 10.300
  500     4040.0    25.0   nan    nan  2.974  0.152 -9999.000 -9999.000  0.160  0.105  0.015  0.015 -0.006 0.107 0.200 0.273 13.382
  502     3962.0    13.0   nan    nan  3.943  0.167 -9999.000 -9999.000  0.136  0.176 -0.215 -0.044  0.011 0.281 0.300 0.444  5.073
  504     3906.0    14.0   nan    nan  5.700  0.091 -9999.000 -9999.000  0.137  0.073 -0.099 -0.002 -0.002 0.122 0.100 0.183 29.985
  505     4384.0    23.0   nan    nan  1.682  0.066 -9999.000 -9999.000  0.129  0.111  0.060 -0.003 -0.047 0.135 0.100 0.180 30.876
  506     4379.0    23.0   nan    nan  1.655  0.089 -9999.000 -9999.000  0.132  0.084  0.032 -0.003 -0.075 0.117 0.100 0.178 31.599
  507     4006.0    23.1   nan    nan  2.042  0.107 -9999.000 -9999.000  0.159 -0.022  0.185 -0.005  0.029 0.188 0.100 0.239 17.539
  508     3952.0    23.1   nan    nan  2.179  0.162 -9999.000 -9999.000  0.127  0.001  0.226  0.021  0.046 0.231 0.100 0.300 11.132
  510     4020.0    27.0   nan    nan  2.986  0.108 -9999.000 -9999.000  0.141  0.133  0.006  0.006  0.006 0.134 0.100 0.199 25.265
  511     4110.0    27.0   nan    nan  3.144  0.111 -9999.000 -9999.000  0.165  0.113 -0.015 -0.016 -0.021 0.117 0.100 0.190 27.624
  512     4119.0    27.0   nan    nan  2.757  0.104 -9999.000 -9999.000  0.142  0.166 -0.046 -0.050 -0.050 0.187 0.100 0.236 17.991
  513     4121.0    27.0   nan    nan  2.758  0.107 -9999.000 -9999.000  0.139  0.190 -0.037 -0.051 -0.053 0.207 0.100 0.254 15.542
  516     4215.0    38.1   nan    nan  0.811  0.098 -9999.000 -9999.000  0.141  0.082  0.028 -0.044  0.049 0.109 0.100 0.178 31.676
  517     4900.0    39.1   nan    nan  0.030  0.085 -9999.000 -9999.000  0.159  0.029  0.194 -0.018  0.070 0.209 0.100 0.247 16.349
  518     4884.0    39.1   nan    nan -0.157  0.112 -9999.000 -9999.000  0.154  0.004  0.195 -0.013  0.069 0.208 0.100 0.256 15.262
  519     4397.0    39.1   nan    nan -0.276  0.128 -9999.000 -9999.000  0.130  0.030  0.183 -0.010  0.046 0.191 0.100 0.251 15.926
  520     4208.0    40.1   nan    nan  0.739  0.079 -9999.000 -9999.000  0.133 -0.024  0.224 -0.017 -0.016 0.226 0.100 0.260 14.813
  521     4554.0    56.1   nan    nan  0.045  0.096 -9999.000 -9999.000  0.141  0.080  0.063 -0.103  0.032 0.149 0.200 0.267 14.021
  523     5854.0    56.1   nan    nan  0.113  0.092 -9999.000 -9999.000  0.201  0.035  0.184 -0.035  0.063 0.201 0.200 0.298 11.278
  524     6142.0    56.1   nan    nan  0.063  0.095 -9999.000 -9999.000  0.192  0.053  0.159 -0.079  0.043 0.190 0.200 0.292 11.720
  525     6496.0    56.1   nan    nan  0.232  0.080 -9999.000 -9999.000  0.219  0.040  0.175 -0.071  0.051 0.199 0.200 0.294 11.605
  526     4086.0    57.1   nan    nan -0.857  0.118 -9999.000 -9999.000  0.147  0.000  0.193 -0.007  0.067 0.204 0.100 0.256 15.215
  527     4122.0    57.1   nan    nan -0.663  0.103 -9999.000 -9999.000  0.143  0.004  0.192 -0.005  0.060 0.201 0.100 0.247 16.387
  528     4334.0    57.1   nan    nan -0.870  0.066 -9999.000 -9999.000  0.141  0.036  0.180 -0.001  0.065 0.195 0.100 0.229 19.084
  529     4430.0    57.1   nan    nan -0.650  0.055 -9999.000 -9999.000  0.140  0.052  0.160  0.000  0.081 0.186 0.100 0.219 20.912
  530     4921.0    57.1   nan    nan -0.925  0.089 -9999.000 -9999.000  0.168  0.041  0.165  0.002  0.074 0.186 0.100 0.229 19.049
  531     4922.0    57.1   nan    nan -0.950  0.094 -9999.000 -9999.000  0.166  0.036  0.169  0.001  0.074 0.188 0.100 0.232 18.509
  533     4102.0    66.1   nan    nan -0.316  0.125 -9999.000 -9999.000  0.155 -0.000  0.207 -0.004  0.029 0.209 0.100 0.263 14.403
  534     4129.0    63.1   nan    nan -1.057  0.079 -9999.000 -9999.000  0.146  0.027  0.192 -0.005  0.062 0.204 0.100 0.240 17.314
  535     4205.0    63.1   nan    nan -1.016  0.067 -9999.000 -9999.000  0.138  0.024  0.175 -0.001  0.085 0.196 0.100 0.230 18.855
  536     4435.0    63.1   nan    nan -1.077  0.061 -9999.000 -9999.000  0.150  0.073  0.155 -0.014  0.059 0.182 0.100 0.217 21.328
  539     3877.0   607.0   nan    nan  6.114  0.034 -9999.000 -9999.000  0.148  0.232 -0.064  0.004  0.158 0.288 0.300 0.417  5.753
  484     6300.0     8.0   nan    nan  7.752    nan       nan       nan    nan    nan    nan    nan    nan   nan   nan   nan    nan
