index wavelength species expot  loggf logeps e_stat       eqw     e_eqw   fwhm e_Teff e_logg   e_vt   e_MH  e_sp e_sys e_tot weight
----- ---------- ------- ----- ------ ------ ------ --------- --------- ------ ------ ------ ------ ------ ----- ----- ----- ------
   29   3900.539    22.1 1.130  -0.29  3.279  0.284   156.605    14.112  0.202  0.033  0.064 -0.127  0.073 0.163 0.100 0.342  8.525
   40   3948.097    26.0 3.241  -0.59  5.548  0.216    92.235     9.063  0.175  0.118 -0.048 -0.066 -0.026 0.146 0.100 0.279 12.834
   42   3955.341    26.0 3.281  -1.05  5.454  0.125    62.538     6.940 -0.127  0.112 -0.026 -0.026 -0.014 0.119 0.100 0.199 25.178
   46   3981.991    22.1 0.573  -2.54  3.766  0.347   115.325    14.117  0.213  0.008  0.160 -0.102  0.039 0.194 0.100 0.410  5.952
   48   3987.606    22.1 0.607  -2.73  4.013  0.315   116.025    12.816  0.235  0.024  0.161 -0.103  0.038 0.196 0.100 0.384  6.767
   49   3989.758    22.0 0.021  -0.13  3.693  0.170   148.366     8.906  0.199  0.212 -0.101 -0.103 -0.034 0.259 0.100 0.325  9.451
   50   3998.636    22.0 0.048   0.02  3.847  0.155   162.930     9.789  0.250  0.210 -0.129 -0.096 -0.020 0.265 0.100 0.323  9.580
   53   4008.927    22.0 0.021   -1.0  3.394  0.164    95.861     7.297  0.175  0.194 -0.052 -0.065 -0.044 0.216 0.100 0.289 11.991
   55   4025.129    22.1 0.607  -2.11  3.421  0.176   117.959     7.480  0.177  0.025  0.160 -0.105  0.040 0.197 0.100 0.283 12.527
   56   4028.338    22.1 1.890  -0.92  3.286  0.155    95.720     6.829  0.144 -0.004  0.166 -0.074  0.051 0.189 0.100 0.264 14.352
   58   4032.627    26.0 1.484  -2.38  5.843  0.276   124.110    13.156  0.206  0.177 -0.063 -0.097 -0.033 0.214 0.100 0.363  7.577
   59   4053.821    22.1 1.891  -1.07  3.092  0.098    79.643     5.011  0.156 -0.002  0.177 -0.046  0.057 0.192 0.100 0.237 17.761
   60   4056.187    22.1 0.607  -3.28  3.553  0.138    69.708     7.757  0.197  0.027  0.185 -0.037  0.068 0.202 0.100 0.265 14.287
   63   4067.978    26.0 3.209  -0.53  5.511  0.137    97.881     6.381  0.197  0.120 -0.061 -0.068 -0.026 0.153 0.100 0.228 19.160
   64   4070.771    26.0 3.239  -0.87  5.253  0.101    65.312     5.615  0.154  0.113 -0.027 -0.028 -0.016 0.121 0.100 0.186 28.785
   65   4073.762    26.0 3.263  -0.97  5.308  0.087    60.923     5.181  0.138  0.113 -0.027 -0.024 -0.015 0.120 0.100 0.179 31.378
   68   4080.209    26.0 3.281  -1.18  5.386  0.079    51.669     4.601  0.131  0.111 -0.019 -0.014 -0.012 0.114 0.100 0.171 34.172
   70   4098.176    26.0 3.239  -0.97  5.652  0.154    81.778     7.640  0.203  0.116 -0.042 -0.051 -0.026 0.136 0.100 0.229 19.152
   71   4102.936    14.0 1.909 -3.336  6.342  0.104   142.096     6.067  0.210  0.128 -0.030 -0.071  0.000 0.149 0.100 0.208 23.179
   75   4120.206    26.0 2.988  -1.23  5.606  0.095    81.539     4.735  0.181  0.123 -0.036 -0.048 -0.025 0.139 0.100 0.196 26.055
   76   4121.802    26.0 2.829  -1.28  5.903  0.167   101.666     7.173  0.183  0.130 -0.047 -0.080 -0.034 0.163 0.100 0.254 15.491
   79   4139.927    26.0 0.989  -3.51  5.474  0.084    85.396     4.188  0.137  0.188 -0.033 -0.052 -0.030 0.200 0.100 0.239 17.515
   83   4150.249    26.0 3.428  -1.19  5.455  0.061    45.137     3.699  0.124  0.107 -0.020 -0.014 -0.010 0.110 0.100 0.161 38.659
   84   4152.169    26.0 0.957  -3.16  6.125  0.194   131.956     8.310  0.151  0.205 -0.058 -0.113 -0.043 0.245 0.100 0.328  9.290
   85     4153.9    26.0 3.397  -0.28  5.640  0.115   106.519     5.570  0.211  0.115 -0.077 -0.074 -0.025 0.159 0.100 0.220 20.627
   86   4158.792    26.0 3.428   -0.7  5.290  0.062    64.834     3.631  0.155  0.109 -0.027 -0.027 -0.015 0.116 0.100 0.166 36.484
   87   4161.529    22.1 1.083  -2.09  3.675  0.145   106.985     6.327  0.185  0.014  0.167 -0.080  0.056 0.194 0.100 0.262 14.567
   90   4173.921    26.0 0.989  -3.29  5.938  0.143   117.124     6.141  0.181  0.196 -0.044 -0.100 -0.040 0.228 0.100 0.287 12.136
   91   4174.913    26.0 0.914  -2.94  6.053  0.139   141.357     6.257  0.188  0.211 -0.072 -0.119 -0.033 0.255 0.100 0.307 10.607
   92   4178.855    26.1 2.583  -2.51  5.482  0.108    89.889     5.085  0.170 -0.025  0.189 -0.058  0.057 0.207 0.100 0.254 15.474
   93   4184.312    22.1 1.079  -2.49  4.126  0.145   109.836     6.089  0.200  0.015  0.167 -0.083  0.056 0.195 0.100 0.263 14.458
   95   4199.095    26.0 3.045   0.17  5.628  0.090   143.238     4.545  0.227  0.132 -0.101 -0.102 -0.020 0.196 0.100 0.238 17.690
   98   4233.163    26.1 2.583  -2.02  5.725  0.131   126.123     6.818  0.207 -0.022  0.162 -0.084  0.054 0.192 0.100 0.253 15.659
  102   4283.011    20.0 1.886 -0.224  4.730  0.098   114.343     4.580  0.190  0.115 -0.091 -0.079 -0.037 0.171 0.100 0.221 20.525
  103   4287.403    22.0 0.835  -0.37  3.493  0.075    85.606     4.053  0.169  0.170 -0.052 -0.046 -0.035 0.187 0.100 0.225 19.774
  105   4291.463    26.0 0.052  -4.08  6.019  0.105   142.759     4.751  0.175  0.248 -0.054 -0.119 -0.038 0.283 0.100 0.318  9.896
  111   4316.794    22.1 2.046  -1.62  3.375  0.065    56.250     4.017  0.162 -0.002  0.187 -0.019  0.063 0.198 0.100 0.231 18.681
  112   4318.652    20.0 1.899  -0.21  4.554  0.078   106.462     3.715  0.181  0.114 -0.078 -0.072 -0.040 0.161 0.100 0.205 23.838
  114   4326.351    22.0 0.825  -1.26  3.590  0.075    37.924     4.534  0.188  0.162 -0.039 -0.008 -0.022 0.168 0.100 0.210 22.759
  116   4330.238    22.1 2.046  -1.64  3.691  0.153    73.726     8.250  0.239 -0.004  0.183 -0.034  0.061 0.196 0.100 0.268 13.929
  117   4330.698    22.1 1.179  -2.09  3.662  0.097   103.352     4.528  0.199 -0.002  0.171 -0.073  0.043 0.191 0.100 0.236 17.911
  118   4331.642    28.0 1.675  -2.27  4.570  0.068    73.632     3.781  0.162  0.149 -0.007 -0.034 -0.014 0.154 0.100 0.196 26.160
  120   4344.502    24.0 1.003  -0.65  3.877  0.133   117.844     5.702  0.186  0.172 -0.064 -0.092 -0.047 0.211 0.100 0.268 13.881
  122   4351.544    26.0 2.988  -1.64  5.833  0.108    74.062     5.875  0.191  0.123 -0.029 -0.036 -0.022 0.133 0.100 0.199 25.371
  127   4389.245    26.0 0.052  -4.55  6.224  0.122   133.168     5.169  0.177  0.245 -0.018 -0.098 -0.038 0.267 0.100 0.310 10.386
  128   4394.059    22.1 1.220  -1.77  3.655  0.092   116.417     3.878  0.194  0.011  0.170 -0.087  0.055 0.199 0.100 0.241 17.218
  130   4395.839    22.1 1.242  -1.93  3.733  0.083   111.406     3.825  0.215  0.010  0.169 -0.081  0.056 0.196 0.100 0.235 18.100
  131   4399.765    22.1 1.236   -1.2  3.808  0.083   147.031     3.707  0.200  0.015  0.132 -0.121  0.056 0.188 0.100 0.229 19.115
  135   4409.518    22.1 1.230  -2.53  3.555  0.059    72.419     3.531  0.177  0.007  0.185 -0.032  0.066 0.199 0.100 0.231 18.820
  136   4411.073    22.1 3.092  -0.65  3.550  0.055    50.937     3.248  0.169 -0.020  0.188 -0.017  0.056 0.198 0.100 0.228 19.159
  137    4411.93    22.1 1.223  -2.62  3.417  0.059    59.130     3.785  0.167  0.016  0.189 -0.019  0.069 0.203 0.100 0.234 18.321
  139   4416.818    26.1 2.778  -2.57  5.647  0.073    85.679     3.863  0.189 -0.029  0.194 -0.049  0.061 0.211 0.100 0.245 16.686
  140   4418.331    22.1 1.236  -1.99  3.526  0.088    99.782     3.892  0.174  0.013  0.176 -0.061  0.060 0.196 0.100 0.237 17.790
  141   4421.938    22.1 2.060  -1.64  3.292  0.054    49.315     3.204  0.155 -0.001  0.189 -0.015  0.064 0.200 0.100 0.230 18.882
  142    4422.82    22.0 1.066   -1.1  3.462  0.050    24.675     2.368  0.111  0.154 -0.037 -0.003 -0.020 0.160 0.100 0.195 26.319
  143   4425.437    20.0 1.879 -0.358  4.427  0.077    96.283     4.006  0.177  0.115 -0.072 -0.054 -0.033 0.150 0.100 0.196 26.080
  146   4432.096    22.1 1.236  -3.08  3.439  0.070    31.792     3.816  0.152  0.018  0.191 -0.008  0.070 0.204 0.100 0.238 17.646
  151   4442.339    26.0 2.196  -1.23  5.854  0.057   154.323     4.149  0.218  0.159 -0.079 -0.070 -0.021 0.192 0.100 0.224 19.955
  152   4443.801    22.1 1.079  -0.71  3.704  0.085   175.833     4.572  0.227  0.038  0.066 -0.118  0.079 0.161 0.100 0.208 23.153
  153   4444.554    22.1 1.115   -2.2  4.063  0.127   121.855     5.698  0.224 -0.002  0.164 -0.098  0.050 0.197 0.100 0.255 15.353
  154   4447.717    26.0 2.221  -1.36  5.588  0.074   128.058     4.174  0.186  0.155 -0.060 -0.078 -0.031 0.186 0.100 0.224 19.941
  155   4449.142    22.0 1.886   0.47  3.361  0.053    51.101     3.512  0.177  0.131 -0.038 -0.015 -0.022 0.139 0.100 0.179 31.129
  157   4450.894    22.0 1.878   0.32  3.379  0.045    43.529     2.877  0.159  0.130 -0.034 -0.012 -0.021 0.137 0.100 0.175 32.608
  158   4453.313    22.0 1.429  -0.03  3.395  0.051    57.403     3.354  0.167  0.145 -0.041 -0.018 -0.025 0.154 0.100 0.190 27.581
  159   4453.699    22.0 1.872    0.1  3.407  0.061    32.813     3.354  0.216  0.130 -0.034 -0.007 -0.018 0.136 0.100 0.179 31.103
  160   4454.779    20.0 1.899  0.258  4.990  0.061   161.875     4.635  0.237  0.126 -0.190 -0.064  0.003 0.237 0.100 0.264 14.326
  161   4455.317    22.0 1.442    0.1  3.393  0.045    64.489     2.886  0.175  0.143 -0.043 -0.023 -0.027 0.153 0.100 0.189 28.104
  162   4455.887    20.0 1.899 -0.518  4.771  0.061   104.913     3.119  0.178  0.116 -0.084 -0.060 -0.033 0.159 0.100 0.197 25.692
  163   4457.427    22.0 1.459   0.26  3.699  0.070    90.764     3.422  0.196  0.151 -0.049 -0.049 -0.037 0.170 0.100 0.209 22.793
  167   4468.493    22.1 1.130  -0.63  3.955  0.061   192.553     4.164  0.236  0.047  0.029 -0.098  0.093 0.146 0.100 0.187 28.551
  169   4470.477    28.0 3.396   -0.3  4.161  0.049    41.408     2.947  0.157  0.095  0.000 -0.012 -0.004 0.096 0.100 0.147 46.324
  170   4471.237    22.0 1.732  -0.15  3.377  0.057    27.235     2.849  0.131  0.132 -0.033 -0.005 -0.018 0.137 0.100 0.179 31.141
  171   4474.851    22.0 1.442  -0.91  3.449  0.094    14.468     2.971  0.137  0.143 -0.033 -0.003 -0.018 0.148 0.100 0.202 24.565
  173    4484.22    26.0 3.600  -0.64  5.435  0.059    67.174     3.548  0.169  0.106 -0.026 -0.027 -0.017 0.114 0.100 0.163 37.862
  174   4488.324    22.1 3.121   -0.5  3.375  0.056    47.691     3.193  0.190 -0.022  0.192 -0.012  0.058 0.202 0.100 0.232 18.521
  175   4489.739    26.0 0.121   -3.9  6.005  0.104   150.767     4.734  0.189  0.255 -0.040 -0.121 -0.039 0.288 0.100 0.322  9.652
  176     4491.4    26.1 2.856  -2.71  5.420  0.048    60.400     2.890  0.161 -0.027  0.201 -0.024  0.063 0.214 0.100 0.241 17.247
  177   4493.522    22.1 1.079  -2.78  3.430  0.053    61.608     3.370  0.155  0.018  0.189 -0.021  0.070 0.203 0.100 0.233 18.452
  178   4494.563    26.0 2.196  -1.14  5.773  0.067   156.340     5.001  0.215  0.161 -0.077 -0.068 -0.020 0.192 0.100 0.227 19.469
  180    4501.27    22.1 1.115  -0.77  3.787  0.084   176.279     4.560  0.229  0.037  0.070 -0.118  0.078 0.162 0.100 0.208 23.077
  181   4508.281    26.1 2.856  -2.42  5.496  0.055    81.273     2.997  0.180 -0.030  0.196 -0.047  0.063 0.213 0.100 0.242 17.088
  182   4512.734    22.0 0.835   -0.4  3.177  0.043    67.173     2.831  0.155  0.166 -0.046 -0.029 -0.035 0.178 0.100 0.209 22.942
  183   4515.334    26.1 2.844   -2.6  5.746  0.067    85.664     3.540  0.209 -0.030  0.195 -0.052  0.062 0.213 0.100 0.245 16.677
  184   4518.022    22.0 0.825  -0.25  3.466  0.071    93.478     3.693  0.199  0.172 -0.055 -0.054 -0.041 0.193 0.100 0.229 19.139
  185   4518.332    22.1 1.079  -2.56  3.928  0.087   102.005     4.194  0.211  0.015  0.171 -0.071  0.054 0.193 0.100 0.235 18.184
  186   4520.221    26.1 2.807  -2.65  5.597  0.066    77.529     3.648  0.199 -0.029  0.201 -0.037  0.064 0.216 0.100 0.247 16.376
  188   4527.304    22.0 0.812  -0.45  3.583  0.067    90.391     3.677  0.191  0.171 -0.052 -0.049 -0.040 0.190 0.100 0.225 19.827
  190    4529.48    22.1 1.571  -1.75  4.075  0.107   118.542     4.641  0.222  0.002  0.173 -0.086  0.054 0.201 0.100 0.248 16.209
  191   4531.148    26.0 1.484   -2.1  5.831  0.095   148.268     5.346  0.204  0.191 -0.064 -0.095 -0.031 0.225 0.100 0.264 14.370
  192   4533.239    22.0 0.848   0.54  3.211  0.079   119.280     3.941  0.188  0.177 -0.067 -0.082 -0.049 0.212 0.100 0.247 16.344
  193   4534.776    22.0 0.835   0.35  3.108  0.084   105.072     4.137  0.172  0.175 -0.061 -0.074 -0.046 0.205 0.100 0.243 16.951
  194   4535.569    22.0 0.825   0.14  3.822  0.089   129.257     4.002  0.226  0.184 -0.065 -0.095 -0.050 0.223 0.100 0.260 14.809
  195   4544.687    22.0 0.818  -0.45  3.448  0.073    82.482     4.152  0.181  0.170 -0.050 -0.040 -0.036 0.185 0.100 0.223 20.151
  196   4545.133    22.1 1.130  -2.45  3.541  0.060    84.558     3.322  0.188  0.013  0.183 -0.051  0.065 0.201 0.100 0.233 18.489
  197   4547.847    26.0 3.544  -0.82  5.408  0.059    58.942     3.336  0.164  0.107 -0.016 -0.020 -0.015 0.111 0.100 0.161 38.742
  198   4548.764    22.0 0.825  -0.28  3.209  0.054    77.993     3.147  0.161  0.169 -0.049 -0.034 -0.034 0.182 0.100 0.215 21.649
  199   4555.483    22.0 0.848   -0.4  3.334  0.050    76.370     3.016  0.174  0.168 -0.048 -0.033 -0.034 0.181 0.100 0.213 22.088
  200   4555.888    26.1 2.828   -2.4  5.709  0.086    95.398     4.417  0.197 -0.033  0.191 -0.061  0.060 0.212 0.100 0.250 16.054
  201   4558.644    24.1 4.070  -0.43  3.797  0.058    62.865     3.322  0.192 -0.046  0.188 -0.028  0.051 0.202 0.100 0.233 18.447
  202   4571.096    12.0 0.000 -5.623  6.263  0.074   151.162     3.940  0.195  0.237 -0.033 -0.096 -0.073 0.268 0.100 0.295 11.457
  203   4571.971    22.1 1.571  -0.31  3.988  0.065   183.978     4.044  0.257  0.032  0.044 -0.110  0.083 0.148 0.100 0.190 27.643
  204   4576.328    26.1 2.844  -2.95  5.595  0.052    58.154     3.154  0.174 -0.027  0.203 -0.023  0.065 0.216 0.100 0.244 16.836
  205   4580.048    24.0 0.941  -1.66  3.953  0.052    78.919     2.997  0.179  0.162 -0.048 -0.038 -0.036 0.177 0.100 0.210 22.731
  206   4582.835    26.1 2.844  -3.18  5.699  0.061    50.274     3.422  0.187 -0.023  0.207 -0.017  0.064 0.219 0.100 0.248 16.264
  207   4583.409    22.1 1.164  -2.84  3.701  0.060    69.104     3.402  0.212  0.015  0.194 -0.027  0.069 0.208 0.100 0.239 17.559
  208   4583.829    26.1 2.807  -1.94  5.971  0.073   134.879     4.152  0.242 -0.027  0.165 -0.080  0.057 0.194 0.100 0.230 18.892
  209   4588.198    24.1 4.068  -0.65  3.540  0.049    36.571     2.575  0.153 -0.036  0.190 -0.011  0.047 0.199 0.100 0.228 19.184
  210   4591.391    24.0 0.968  -1.74  3.788  0.044    61.989     2.865  0.161  0.159 -0.041 -0.021 -0.027 0.168 0.100 0.200 24.957
  212   4592.651    26.0 1.556  -2.46  6.024  0.092   135.811     4.797  0.198  0.185 -0.053 -0.094 -0.038 0.218 0.100 0.256 15.202
  213   4600.749    24.0 1.003  -1.25  3.687  0.062    82.915     3.427  0.174  0.162 -0.048 -0.049 -0.036 0.180 0.100 0.215 21.697
  214     4602.0    26.0 1.607  -3.13  5.653  0.052    79.303     2.924  0.163  0.171 -0.028 -0.037 -0.027 0.179 0.100 0.212 22.307
  215   4602.941    26.0 1.484  -2.21  5.906  0.082   143.727     3.915  0.205  0.195 -0.058 -0.115 -0.049 0.239 0.100 0.272 13.561
  216   4604.988    28.0 3.477  -0.24  4.170  0.048    40.394     2.898  0.175  0.093  0.001 -0.011 -0.006 0.094 0.100 0.145 47.366
  217   4607.331    38.0 0.000  0.283  0.817  0.051    26.272     2.466  0.130  0.151 -0.038 -0.006 -0.021 0.157 0.100 0.193 26.792
  218   4607.647    26.0 3.263  -1.33  5.610  0.053    61.448     2.990  0.144  0.116 -0.018 -0.021 -0.017 0.120 0.100 0.165 36.603
  219   4609.265    22.1 1.179  -3.32  3.609  0.053    32.529     2.941  0.178  0.018  0.192 -0.007  0.071 0.206 0.100 0.235 18.153
  220   4616.124    24.0 0.982  -1.19  3.660  0.059    86.330     3.272  0.175  0.163 -0.050 -0.047 -0.038 0.181 0.100 0.215 21.643
  221   4617.269    22.0 1.748   0.44  3.241  0.039    53.572     2.670  0.195  0.135 -0.039 -0.015 -0.023 0.143 0.100 0.179 31.229
  222   4619.288    26.0 3.600  -1.06  5.606  0.042    52.469     2.648  0.166  0.102 -0.020 -0.017 -0.016 0.107 0.100 0.152 43.264
  223   4620.513    26.1 2.828  -3.21  5.695  0.062    49.532     3.747  0.235 -0.026  0.204 -0.018  0.065 0.216 0.100 0.246 16.478
  224   4623.097    22.0 1.738   0.16  3.304  0.054    40.504     3.359  0.177  0.135 -0.036 -0.009 -0.020 0.141 0.100 0.181 30.378
  225   4625.045    26.0 3.239  -1.27  5.845  0.065    81.175     3.637  0.203  0.121 -0.039 -0.043 -0.025 0.137 0.100 0.181 30.430
  226   4626.173    24.0 0.968  -1.33  3.698  0.050    81.712     2.805  0.173  0.163 -0.048 -0.043 -0.036 0.179 0.100 0.211 22.462
  227   4629.332    26.1 2.807  -2.26  5.498  0.056    93.627     2.804  0.202 -0.030  0.195 -0.056  0.063 0.215 0.100 0.243 16.901
  228    4630.12    26.0 2.277  -2.58  5.918  0.055    78.708     3.225  0.181  0.148 -0.029 -0.035 -0.024 0.157 0.100 0.194 26.616
  230   4634.073    24.1 4.069  -1.05  4.045  0.046    42.185     2.625  0.185 -0.039  0.189 -0.013  0.049 0.200 0.100 0.228 19.257
  231   4637.503    26.0 3.281  -1.29  5.520  0.034    57.107     2.142  0.144  0.115 -0.025 -0.019 -0.018 0.121 0.100 0.160 38.923
  232   4645.188    22.0 1.732  -0.51  3.445  0.069    16.169     2.358  0.137  0.134 -0.033 -0.004 -0.017 0.139 0.100 0.185 29.315
  233   4646.162    24.0 1.029  -0.74  3.775  0.074   112.239     3.582  0.193  0.169 -0.058 -0.079 -0.047 0.201 0.100 0.236 17.904
  234   4648.652    28.0 3.417  -0.09  4.174  0.050    54.459     3.144  0.181  0.097 -0.002 -0.021 -0.005 0.099 0.100 0.150 44.683
  235    4650.01    22.0 1.738  -0.64  3.397  0.080    11.083     2.003  0.091  0.133 -0.034 -0.003 -0.016 0.138 0.100 0.188 28.160
  236   4651.291    24.0 0.982  -1.46  3.767  0.040    77.460     2.419  0.164  0.162 -0.046 -0.036 -0.034 0.176 0.100 0.206 23.578
  237   4652.157    24.0 1.003  -1.04  3.618  0.068    91.200     3.623  0.172  0.164 -0.051 -0.053 -0.039 0.184 0.100 0.220 20.639
  238   4657.201    22.1 1.242  -2.29  3.708  0.077    95.901     4.049  0.210  0.011  0.181 -0.055  0.063 0.200 0.100 0.236 17.919
  239   4675.117    22.0 1.066  -1.29  3.457  0.063    17.849     2.344  0.137  0.155 -0.036 -0.005 -0.020 0.160 0.100 0.199 25.179
  240   4678.846    26.0 3.600  -0.68  5.534  0.045    71.997     2.747  0.163  0.105 -0.030 -0.034 -0.022 0.116 0.100 0.160 39.076
  241   4686.213    28.0 3.594  -0.59  4.010  0.072    12.781     1.994  0.099  0.089  0.006 -0.002  0.001 0.089 0.100 0.152 43.202
  242   4702.991    12.0 4.346  -0.44  6.002  0.042   139.037     3.389  0.207  0.090 -0.143 -0.039 -0.003 0.173 0.100 0.205 23.898
  244   4708.663    22.1 1.236  -2.35  3.651  0.059    90.488     3.259  0.196  0.011  0.185 -0.047  0.065 0.202 0.100 0.233 18.429
  245   4714.417    28.0 3.377   0.25  4.238  0.055    82.182     3.014  0.188  0.100 -0.016 -0.046 -0.016 0.112 0.100 0.160 38.980
  246    4722.15    30.0 4.030  -0.37  2.824  0.052    47.981     3.048  0.213  0.006  0.131 -0.015  0.048 0.140 0.100 0.180 30.835
  247   4727.395    26.0 3.684  -1.06  5.675  0.048    50.827     3.152  0.192  0.101 -0.019 -0.019 -0.013 0.105 0.100 0.153 42.741
  248   4733.591    26.0 1.484  -2.99  6.000  0.076   113.819     3.723  0.180  0.184 -0.035 -0.080 -0.040 0.208 0.100 0.243 16.990
  249   4736.773    26.0 3.209  -0.67  5.696  0.060   108.112     3.084  0.177  0.128 -0.066 -0.070 -0.027 0.162 0.100 0.200 25.019
  250   4756.515    28.0 3.477  -0.27  4.211  0.043    41.741     2.592  0.166  0.095  0.002 -0.013 -0.003 0.096 0.100 0.145 47.490
  252   4763.883    22.1 1.220   -2.4  3.659  0.046    89.741     2.546  0.185  0.012  0.185 -0.046  0.066 0.202 0.100 0.230 18.883
  253   4764.525    22.1 1.236  -2.69  3.515  0.035    62.304     2.363  0.164  0.014  0.191 -0.020  0.071 0.205 0.100 0.231 18.746
  254   4772.804    26.0 1.556   -2.9  5.626  0.051    95.514     2.714  0.183  0.176 -0.031 -0.057 -0.035 0.191 0.100 0.221 20.403
  255   4786.535    28.0 3.417  -0.18  4.368  0.056    61.865     3.587  0.198  0.098 -0.005 -0.023 -0.008 0.101 0.100 0.153 42.810
  259    4810.53    30.0 4.078  -0.15  2.607  0.044    44.936     2.698  0.175  0.003  0.131 -0.018  0.047 0.140 0.100 0.178 31.606
  260   4820.409    22.0 1.501  -0.38  3.626  0.045    46.318     2.766  0.195  0.147 -0.035 -0.012 -0.023 0.153 0.100 0.189 28.143
  261   4824.131    24.1 3.868  -0.92  3.757  0.063    46.539     3.617  0.150 -0.039  0.192 -0.014  0.055 0.204 0.100 0.236 17.993
  262   4831.176    28.0 3.603  -0.32  4.158  0.045    28.188     2.130  0.132  0.090  0.006 -0.006 -0.001 0.090 0.100 0.142 49.507
  263   4840.874    22.0 0.899  -0.43  3.442  0.061    79.844     3.674  0.185  0.169 -0.046 -0.034 -0.035 0.182 0.100 0.216 21.377
  264   4849.168    22.1 1.130  -2.96  3.738  0.055    68.428     3.619  0.205  0.015  0.190 -0.026  0.071 0.205 0.100 0.235 18.159
  266    4856.01    22.0 2.254   0.52  3.587  0.063    42.700     4.033  0.234  0.120 -0.035 -0.011 -0.020 0.127 0.100 0.174 33.205
  267   4864.329    24.1 3.855  -1.34  3.680  0.067    22.597     2.785  0.137 -0.031  0.191 -0.006  0.049 0.200 0.100 0.233 18.393
  268    4865.61    22.1 1.115   -2.7  3.486  0.054    69.867     3.536  0.188  0.016  0.191 -0.026  0.071 0.206 0.100 0.235 18.060
  269   4866.271    28.0 3.536  -0.22  4.119  0.051    35.610     2.924  0.187  0.092  0.006 -0.009 -0.003 0.093 0.100 0.146 47.188
  270   4870.125    22.0 2.248   0.44  3.386  0.051    27.450     2.546  0.148  0.120 -0.032 -0.006 -0.017 0.125 0.100 0.168 35.272
  271   4871.318    26.0 2.865  -0.34  5.532  0.068   142.760     4.230  0.216  0.145 -0.107 -0.079 -0.017 0.197 0.100 0.232 18.647
  272   4873.442    28.0 3.696  -0.38  4.051  0.063    16.902     2.176  0.139  0.087  0.006 -0.003  0.000 0.087 0.100 0.147 46.331
  273   4874.009    22.1 3.092  -0.86  3.195  0.066    22.450     2.767  0.139 -0.017  0.192 -0.005  0.057 0.201 0.100 0.234 18.254
  274   4885.079    22.0 1.886   0.41  3.274  0.050    44.425     3.249  0.196  0.132 -0.037 -0.011 -0.022 0.139 0.100 0.179 31.349
  276   4890.755    26.0 2.876  -0.38  5.620  0.046   145.189     2.937  0.219  0.144 -0.110 -0.078 -0.016 0.198 0.100 0.226 19.496
  277    4903.31    26.0 2.882  -0.89  5.555  0.062   112.620     3.312  0.193  0.139 -0.063 -0.071 -0.028 0.171 0.100 0.207 23.277
  278   4910.017    26.0 3.394  -1.28  5.477  0.053    47.715     3.181  0.163  0.112 -0.015 -0.014 -0.014 0.115 0.100 0.161 38.504
  279   4911.194    22.1 3.121  -0.64  3.261  0.057    34.376     3.115  0.203 -0.021  0.191 -0.009  0.058 0.201 0.100 0.232 18.651
  280   4913.613    22.0 1.872   0.22  3.284  0.043    34.745     2.526  0.164  0.132 -0.035 -0.008 -0.020 0.138 0.100 0.176 32.297
  284   4939.687    26.0 0.858  -3.25  5.853  0.078   137.701     3.911  0.204  0.220 -0.028 -0.100 -0.044 0.247 0.100 0.278 12.953
  285   4946.388    26.0 3.368  -1.11  5.544  0.033    65.379     2.158  0.166  0.116 -0.025 -0.024 -0.017 0.122 0.100 0.161 38.408
  286   4966.089    26.0 3.329  -0.79  5.630  0.072    92.605     3.937  0.174  0.123 -0.043 -0.050 -0.024 0.142 0.100 0.188 28.378
  287   4973.102    26.0 3.960  -0.69  5.565  0.048    47.562     3.040  0.173  0.096 -0.016 -0.013 -0.012 0.099 0.100 0.149 45.269
  289   4980.173    28.0 3.603   0.07  4.367  0.071    64.496     4.511  0.212  0.094 -0.004 -0.024 -0.008 0.097 0.100 0.157 40.760
  290   4985.253    26.0 3.926  -0.44  5.521  0.117    63.015     7.342  0.182  0.099 -0.022 -0.028 -0.020 0.107 0.100 0.188 28.442
  291   4991.066    22.0 0.835   0.45  3.264  0.152   124.638     7.965  0.205  0.185 -0.058 -0.079 -0.050 0.215 0.100 0.282 12.589
  292    4994.13    26.0 0.914  -2.97  5.751  0.148   143.960     7.744  0.223  0.222 -0.033 -0.102 -0.046 0.251 0.100 0.308 10.549
  295   4999.503    22.0 0.825   0.32  2.995  0.208   104.210    11.287  0.225  0.174 -0.053 -0.064 -0.051 0.199 0.100 0.305 10.747
  296   5001.864    26.0 3.882  -0.01  5.433  0.218    87.365    12.077  0.229  0.106 -0.037 -0.045 -0.022 0.123 0.100 0.270 13.767
  298   5005.712    26.0 3.884  -0.12  5.331  0.149    74.433     8.725  0.210  0.102 -0.024 -0.033 -0.020 0.112 0.100 0.211 22.386
  299   5007.209    22.0 0.818   0.17  3.634  0.216   130.673    11.626  0.233  0.188 -0.061 -0.084 -0.053 0.221 0.100 0.325  9.471
  301   5012.068    26.0 0.858   -2.6  5.597  0.185   159.774    10.261  0.242  0.233 -0.045 -0.106 -0.038 0.263 0.100 0.336  8.832
  302   5013.686    22.1 1.581  -2.14  3.571  0.183    75.329    11.077  0.295 -0.002  0.191 -0.037  0.064 0.205 0.100 0.292 11.704
  304   5016.161    22.0 0.848  -0.48  3.473  0.179    84.292    10.712  0.224  0.174 -0.048 -0.039 -0.038 0.189 0.100 0.279 12.889
  305   5017.576    28.0 3.536  -0.03  4.126  0.095    48.026     5.980  0.123  0.094  0.003 -0.013 -0.004 0.095 0.100 0.167 35.643
  306   5018.435    26.1 2.891   -1.1  5.579  0.132   162.662    10.233  0.279 -0.025  0.155 -0.071  0.065 0.184 0.100 0.248 16.302
  307   5020.026    22.0 0.835  -0.33  3.487  0.175    95.116     9.585  0.243  0.178 -0.048 -0.048 -0.040 0.195 0.100 0.280 12.736
  308   5022.236    26.0 3.984  -0.33  5.480  0.191    63.456    11.867  0.235  0.097 -0.022 -0.023 -0.016 0.103 0.100 0.239 17.495
  309   5022.868    22.0 0.825  -0.33  3.441  0.153    93.206     8.796  0.200  0.178 -0.048 -0.046 -0.039 0.194 0.100 0.267 14.078
  310   5024.844    22.0 0.818  -0.53  3.517  0.143    86.317     8.538  0.207  0.175 -0.047 -0.041 -0.038 0.190 0.100 0.258 15.058
  312   5035.362    28.0 3.633   0.29  3.992  0.131    52.476     8.516  0.185  0.091 -0.001 -0.018 -0.007 0.093 0.100 0.189 27.920
  313   5036.464    22.0 1.442   0.14  3.262  0.121    62.842     7.917  0.219  0.149 -0.037 -0.020 -0.027 0.157 0.100 0.222 20.267
  314   5038.398    22.0 1.429   0.02  3.374  0.110    63.371     7.177  0.194  0.150 -0.037 -0.020 -0.027 0.158 0.100 0.217 21.232
  315   5039.957    22.0 0.021  -1.08  3.327  0.121   102.321     6.834  0.195  0.207 -0.046 -0.057 -0.050 0.225 0.100 0.275 13.270
  320   5064.653    22.0 0.048  -0.94  3.688  0.170   127.797     8.930  0.236  0.220 -0.043 -0.080 -0.058 0.245 0.100 0.315 10.110
  324   5080.533    28.0 3.652   0.32  4.365  0.110    76.771     6.574  0.206  0.095 -0.009 -0.034 -0.010 0.102 0.100 0.180 30.804
  325   5083.339    26.0 0.957  -2.84  5.827  0.144   153.604     7.903  0.229  0.227 -0.039 -0.103 -0.041 0.256 0.100 0.310 10.408
  331    5113.44    22.0 1.442   -0.7  3.501  0.106    26.345     5.392  0.215  0.145 -0.036 -0.005 -0.021 0.151 0.100 0.210 22.715
  334    5127.36    26.0 0.914  -3.25  5.884  0.113   138.690     5.906  0.217  0.221 -0.024 -0.096 -0.044 0.246 0.100 0.289 11.999
  335   5129.156    22.1 1.890  -1.34  3.645  0.120   104.659     5.997  0.240 -0.003  0.192 -0.060  0.063 0.211 0.100 0.262 14.526
  336   5133.689    26.0 4.175   0.36  5.419  0.111    88.424     6.341  0.219  0.099 -0.038 -0.045 -0.022 0.117 0.100 0.190 27.719
  340    5150.84    26.0 0.989  -3.04  5.471  0.099   123.004     5.346  0.196  0.209 -0.021 -0.079 -0.044 0.229 0.100 0.269 13.869
  341   5151.911    26.0 1.010  -3.32  5.941  0.136   131.776     7.105  0.230  0.212 -0.020 -0.086 -0.045 0.234 0.100 0.289 12.010
  342   5166.282    26.0 0.000  -4.12  5.960  0.147   162.547     7.720  0.228  0.279 -0.010 -0.112 -0.046 0.304 0.100 0.352  8.051
  343   5171.596    26.0 1.484  -1.72  5.575  0.092   164.591     5.504  0.223  0.210 -0.071 -0.106 -0.033 0.248 0.100 0.283 12.511
  344   5172.684    12.0 2.712 -0.393  5.913  0.071   390.526    25.223  0.333  0.150 -0.232 -0.012  0.041 0.280 0.100 0.305 10.731
  345   5173.743    22.0 0.000  -1.06  3.621  0.129   122.569     7.144  0.252  0.219 -0.045 -0.075 -0.058 0.243 0.100 0.293 11.680
  346   5183.604    12.0 2.717 -0.167  6.010  0.124   524.285    68.249 -0.257  0.148 -0.240 -0.006  0.046 0.286 0.100 0.327  9.343
  347   5185.902    22.1 1.891  -1.41  3.371  0.095    85.407     5.586  0.230 -0.010  0.190 -0.041  0.068 0.206 0.100 0.248 16.252
  348   5192.969    22.0 0.021  -0.95  3.809  0.107   137.401     6.048  0.241  0.222 -0.044 -0.091 -0.065 0.252 0.100 0.292 11.740
  349   5194.942    26.0 1.556  -2.02  5.783  0.106   154.750     5.916  0.243  0.204 -0.057 -0.103 -0.037 0.238 0.100 0.279 12.807
  350   5197.568    26.1 3.230  -2.22  5.584  0.075    76.908     4.739  0.220 -0.040  0.207 -0.032  0.070 0.224 0.100 0.257 15.152
  352   5206.023    24.0 0.941   0.02  3.880  0.101   176.554     7.305  0.267  0.199 -0.113 -0.087 -0.032 0.247 0.100 0.285 12.321
  353   5210.384    22.0 0.048  -0.82  3.803  0.118   142.666     6.328  0.255  0.231 -0.043 -0.094 -0.065 0.261 0.100 0.304 10.846
  355   5215.181    26.0 3.263  -0.86  5.381  0.079    80.678     4.755  0.192  0.124 -0.031 -0.035 -0.021 0.134 0.100 0.185 29.201
  356   5216.274    26.0 1.607  -2.08  5.668  0.111   142.171     5.880  0.234  0.196 -0.043 -0.098 -0.044 0.228 0.100 0.272 13.490
  357   5217.389    26.0 3.209  -1.07  5.590  0.088    84.623     5.223  0.235  0.126 -0.033 -0.040 -0.025 0.139 0.100 0.192 27.075
  358   5219.702    22.0 0.021  -2.22  3.602  0.059    47.293     4.082  0.194  0.194 -0.040 -0.012 -0.030 0.201 0.100 0.232 18.600
  359   5225.525    26.0 0.110  -4.75  6.082  0.082   127.429     4.665  0.228  0.251 -0.009 -0.078 -0.049 0.268 0.100 0.297 11.326
  362   5234.624    26.1 3.221  -2.18  5.711  0.085    85.848     4.892  0.263 -0.041  0.205 -0.043  0.070 0.225 0.100 0.260 14.775
  363   5242.491    26.0 3.632  -0.83  5.463  0.086    58.742     5.664  0.242  0.108 -0.014 -0.019 -0.015 0.112 0.100 0.173 33.509
  364   5247.565    24.0 0.960  -1.59  3.753  0.070    75.102     4.584  0.192  0.166 -0.042 -0.029 -0.037 0.178 0.100 0.215 21.537
  365   5250.646    26.0 2.196  -2.18  5.968  0.083   114.848     4.459  0.228  0.164 -0.034 -0.070 -0.035 0.185 0.100 0.226 19.582
  366     5252.1    22.0 0.048  -2.36  3.812  0.078    49.948     5.494  0.209  0.193 -0.040 -0.012 -0.030 0.200 0.100 0.237 17.864
  367   5254.956    26.0 0.110  -4.76  6.193  0.088   133.673     5.010  0.240  0.254 -0.002 -0.083 -0.050 0.272 0.100 0.303 10.911
  368   5263.306    26.0 3.263  -0.87  5.454  0.084    84.783     5.030  0.213  0.125 -0.033 -0.040 -0.025 0.138 0.100 0.190 27.781
  371   5265.964    22.0 1.886   -0.4  3.647  0.074    22.425     3.279 -0.147  0.132 -0.033 -0.004 -0.018 0.137 0.100 0.185 29.129
  374   5275.997    26.1 3.199  -2.01  5.819  0.090   106.115     5.529  0.256 -0.039  0.201 -0.053  0.067 0.222 0.100 0.259 14.854
  375   5283.621    26.0 3.239  -0.45  5.721  0.079   125.574     4.535  0.241  0.134 -0.078 -0.074 -0.025 0.174 0.100 0.215 21.560
  376    5284.08    26.1 2.891  -3.11  5.421  0.065    36.839     3.650  0.190 -0.024  0.209 -0.010  0.069 0.222 0.100 0.252 15.787
  378   5296.691    24.0 0.982  -1.36  3.782  0.075    89.996     4.469  0.220  0.171 -0.045 -0.044 -0.038 0.186 0.100 0.224 19.892
  380   5302.303    26.0 3.281  -0.73  5.555  0.083    97.839     4.738  0.229  0.128 -0.044 -0.054 -0.026 0.148 0.100 0.197 25.772
  381   5307.361    26.0 1.607  -2.91  5.659  0.074    98.696     4.204  0.208  0.179 -0.026 -0.056 -0.034 0.192 0.100 0.229 19.053
  382   5324.179    26.0 3.211  -0.11  5.582  0.083   139.810     5.221  0.238  0.137 -0.098 -0.077 -0.019 0.186 0.100 0.227 19.398
  383   5325.543    26.1 3.221  -3.16  5.626  0.077    25.363     3.546  0.184 -0.029  0.207 -0.007  0.064 0.219 0.100 0.253 15.683
  386     5332.9    26.0 1.556  -2.78  5.703  0.082   111.999     4.393  0.210  0.186 -0.028 -0.073 -0.044 0.207 0.100 0.244 16.844
  387   5336.786    22.1 1.581   -1.6  3.512  0.088   105.977     4.941  0.267  0.003  0.188 -0.060  0.066 0.208 0.100 0.247 16.379
  388   5339.929    26.0 3.263  -0.63  5.459  0.070    99.619     3.943  0.226  0.129 -0.044 -0.055 -0.026 0.149 0.100 0.193 26.897
  389   5341.024    26.0 1.607  -1.95  6.032  0.096   172.356     6.061  0.259  0.210 -0.078 -0.102 -0.028 0.248 0.100 0.284 12.409
  390   5345.796    24.0 1.003  -0.95  3.767  0.083   111.341     4.546  0.219  0.176 -0.047 -0.070 -0.044 0.200 0.100 0.239 17.571
  391   5348.314    24.0 1.003  -1.21  3.739  0.059    95.172     3.505  0.208  0.170 -0.046 -0.049 -0.041 0.187 0.100 0.220 20.585
  392   5349.465    20.0 2.709  -0.31  4.655  0.068    57.149     4.282  0.208  0.089 -0.032 -0.016 -0.020 0.098 0.100 0.156 41.278
  394   5381.022    22.1 1.565  -1.97  3.339  0.072    74.828     4.630  0.214 -0.001  0.196 -0.034  0.068 0.210 0.100 0.244 16.840
  395   5393.168    26.0 3.241  -0.72  5.657  0.072   107.636     4.062  0.225  0.132 -0.051 -0.062 -0.027 0.157 0.100 0.199 25.136
  399   5409.783    24.0 1.029  -0.67  3.701  0.082   121.692     4.480  0.260  0.178 -0.052 -0.078 -0.052 0.208 0.100 0.245 16.694
  401   5418.768    22.1 1.581  -2.13  3.390  0.072    66.780     4.826  0.212  0.006  0.196 -0.022  0.074 0.211 0.100 0.244 16.779
  403   5434.524    26.0 1.010  -2.13  5.594  0.090   184.993     5.787  0.246  0.240 -0.066 -0.102 -0.026 0.270 0.100 0.302 10.972
  405   5476.904    28.0 1.825  -0.78  4.653  0.097   158.381     5.466  0.255  0.177 -0.034 -0.104 -0.026 0.210 0.100 0.252 15.776
  407   5497.516    26.0 1.010  -2.83  6.071  0.085   172.442     5.258  0.255  0.238 -0.044 -0.103 -0.038 0.266 0.100 0.296 11.382
  408   5501.465    26.0 0.957  -3.05  6.069  0.089   163.478     5.323  0.258  0.238 -0.031 -0.099 -0.043 0.263 0.100 0.295 11.471
  409   5506.779    26.0 0.989  -2.79  5.832  0.084   162.398     4.989  0.242  0.236 -0.031 -0.100 -0.042 0.262 0.100 0.292 11.699
  410   5528.405    12.0 4.346 -0.498  6.195  0.052   153.782     4.482  0.244  0.093 -0.113 -0.042 -0.012 0.153 0.100 0.190 27.754
  411   5534.834    26.1 3.245  -2.75  5.708  0.062    50.658     3.862  0.267 -0.036  0.209 -0.017  0.072 0.225 0.100 0.254 15.553
  412   5569.618    26.0 3.414  -0.52  5.521  0.060   100.370     3.493  0.231  0.126 -0.043 -0.052 -0.024 0.145 0.100 0.186 28.897
  413   5572.842    26.0 3.394  -0.28  5.452  0.069   111.683     3.956  0.229  0.130 -0.055 -0.062 -0.025 0.156 0.100 0.198 25.539
  414   5581.965    20.0 2.523 -0.555  4.663  0.061    57.378     4.180  0.215  0.095 -0.029 -0.016 -0.021 0.103 0.100 0.156 41.178
  415   5586.756    26.0 3.366  -0.11  5.459  0.059   124.051     3.479  0.233  0.133 -0.069 -0.070 -0.024 0.167 0.100 0.203 24.150
  416   5587.858    28.0 1.934  -2.39  4.376  0.042    41.493     2.688  0.174  0.141  0.005 -0.010 -0.006 0.142 0.100 0.178 31.440
  417   5588.749    20.0 2.524   0.21  4.804  0.064   113.144     3.628  0.240  0.108 -0.056 -0.063 -0.039 0.142 0.100 0.185 29.081
  418   5590.114    20.0 2.521 -0.571  4.845  0.056    68.517     3.708  0.284  0.098 -0.035 -0.022 -0.023 0.109 0.100 0.158 40.034
  419   5594.462    20.0 2.523  0.097  4.913  0.087   112.972     4.852  0.260  0.108 -0.056 -0.063 -0.038 0.142 0.100 0.194 26.467
  420    5598.48    20.0 2.521 -0.087  5.040  0.090   109.934     5.067  0.282  0.106 -0.054 -0.060 -0.037 0.138 0.100 0.193 26.866
  421   5601.277    20.0 2.526 -0.523  4.729  0.049    63.510     3.330  0.215  0.092 -0.034 -0.024 -0.026 0.104 0.100 0.153 42.966
  422   5615.644    26.0 3.332   0.04  5.525  0.063   139.924     4.034  0.258  0.137 -0.090 -0.074 -0.018 0.181 0.100 0.216 21.441
  423   5624.542    26.0 3.414  -0.76  5.683  0.062    96.146     3.646  0.245  0.126 -0.039 -0.049 -0.024 0.143 0.100 0.185 29.224
  424   5644.134    22.0 2.266   0.12  3.264  0.093    12.332     2.518  0.146  0.121 -0.028 -0.001 -0.017 0.125 0.100 0.185 29.099
  425   5658.816    26.0 3.394  -0.76  5.903  0.071   110.696     4.068  0.277  0.130 -0.051 -0.061 -0.025 0.154 0.100 0.197 25.714
  426   5662.516    26.0 4.175  -0.41  5.488  0.035    46.265     2.231  0.217  0.089 -0.013 -0.013 -0.014 0.092 0.100 0.140 50.810
  430   5688.203    11.0 2.104 -0.406  4.249  0.086    23.824     4.055  0.266  0.073 -0.024 -0.003 -0.013 0.078 0.100 0.153 42.589
  431   5690.425    14.0 4.930  -1.87  5.981  0.101    11.424     2.586  0.150  0.048  0.039  0.000  0.011 0.063 0.100 0.155 41.411
  432   5701.105    14.0 4.930  -2.05  5.968  0.100     7.583     1.798  0.100  0.046  0.040  0.001  0.011 0.062 0.100 0.154 41.948
  433   5708.397    14.0 4.954  -1.47  6.042  0.087    26.547     4.330  0.264  0.046  0.039 -0.004  0.011 0.061 0.100 0.146 46.852
  434   5711.088    12.0 4.343 -1.724  5.993  0.038    48.453     2.619  0.191  0.080 -0.022 -0.009 -0.014 0.085 0.100 0.136 53.746
  435   5754.656    28.0 1.934  -2.22  4.623  0.038    70.493     2.645  0.223  0.147  0.004 -0.025 -0.012 0.150 0.100 0.184 29.552
  436   5762.992    26.0 4.209  -0.36  5.526  0.038    49.770     2.475  0.194  0.091 -0.013 -0.014 -0.012 0.094 0.100 0.142 49.419
  437   5772.145    14.0 5.082  -1.75  6.116  0.069    13.432     2.015  0.163  0.042  0.037 -0.003  0.010 0.057 0.100 0.134 55.543
  440   5857.451    20.0 2.930   0.23  4.900  0.053    92.392     3.274  0.270  0.094 -0.048 -0.041 -0.031 0.117 0.100 0.163 37.605
  441   5866.451    22.0 1.066  -0.79  3.454  0.055    49.014     3.600  0.245  0.163 -0.035 -0.011 -0.026 0.169 0.100 0.204 24.029
  442   5889.951    11.0 0.000  0.108  4.381  0.042   269.547     6.272  0.322  0.175 -0.177 -0.039  0.007 0.252 0.100 0.274 13.282
  443   5892.872    28.0 1.984  -2.22  4.564  0.043    62.767     2.824  0.254  0.143  0.008 -0.020 -0.010 0.145 0.100 0.181 30.429
  444   5895.924    11.0 0.000 -0.194  4.415  0.040   235.269     4.403  0.295  0.176 -0.148 -0.052 -0.010 0.236 0.100 0.259 14.862
  445   5948.545    14.0 5.082 -1.231  6.066  0.056    32.476     2.976  0.250  0.043  0.040 -0.005  0.011 0.060 0.100 0.129 59.766
  446   6102.723    20.0 1.879 -0.793  4.865  0.059   109.797     3.658  0.236  0.130 -0.063 -0.051 -0.033 0.157 0.100 0.195 26.287
  447   6108.116    28.0 1.675   -2.6  4.683  0.039    72.682     2.730  0.281  0.156  0.006 -0.031 -0.018 0.160 0.100 0.193 26.897
  448   6122.217    20.0 1.886 -0.316  4.980  0.046   147.356     3.147  0.257  0.135 -0.109 -0.065 -0.025 0.187 0.100 0.217 21.244
  449   6162.173    20.0 1.899  -0.09  4.872  0.048   154.946     3.521  0.270  0.135 -0.119 -0.064 -0.022 0.192 0.100 0.222 20.296
  450   6169.042    20.0 2.523 -0.797  4.853  0.036    55.828     2.524  0.253  0.097 -0.034 -0.016 -0.021 0.106 0.100 0.150 44.328
  451   6169.563    20.0 2.526 -0.478  4.831  0.050    76.070     3.371  0.251  0.103 -0.041 -0.028 -0.026 0.117 0.100 0.162 38.094
  452   6191.169    28.0 1.675  -2.47  4.657  0.052    80.149     3.518  0.242  0.159  0.008 -0.037 -0.021 0.165 0.100 0.200 25.088
  453    6219.28    26.0 2.196  -2.45  5.916  0.052   104.357     3.241  0.254  0.166 -0.017 -0.052 -0.032 0.178 0.100 0.210 22.585
  454   6238.375    26.1 3.889   -2.8  5.831  0.087    17.763     3.093  0.244 -0.043  0.211 -0.005  0.063 0.224 0.100 0.261 14.720
  455   6246.319    26.0 3.600  -0.77  5.687  0.045    84.787     2.857  0.257  0.121 -0.024 -0.035 -0.019 0.130 0.100 0.170 34.687
  456   6247.559    26.1 3.892   -2.3  5.668  0.060    31.504     3.028  0.258 -0.046  0.214 -0.009  0.068 0.229 0.100 0.257 15.102
  457   6265.134    26.0 2.174  -2.54  5.895  0.045    99.506     2.795  0.254  0.167 -0.017 -0.050 -0.034 0.178 0.100 0.209 22.800
  459   6301.501    26.0 3.651  -0.71  5.594  0.048    78.062     3.144  0.259  0.115 -0.016 -0.032 -0.020 0.122 0.100 0.165 36.751
  460    6335.33    26.0 2.196  -2.18  5.753  0.042   111.761     2.630  0.247  0.169 -0.017 -0.059 -0.036 0.183 0.100 0.213 22.030
  461   6336.824    26.0 3.684  -0.85  5.632  0.044    69.405     2.844  0.246  0.113 -0.017 -0.024 -0.016 0.118 0.100 0.161 38.719
  463   6400.001    26.0 3.603  -0.27  5.648  0.067   114.243     4.130  0.257  0.128 -0.046 -0.058 -0.023 0.150 0.100 0.192 27.113
  464   6408.018    26.0 3.684  -0.99  5.562  0.031    55.018     2.088  0.228  0.110 -0.011 -0.014 -0.012 0.112 0.100 0.153 42.512
  465   6411.649    26.0 3.651  -0.59  5.465  0.039    78.643     2.631  0.251  0.117 -0.021 -0.030 -0.018 0.124 0.100 0.164 37.208
  466   6430.846    26.0 2.174  -1.95  5.780  0.046   130.238     2.867  0.264  0.174 -0.018 -0.069 -0.038 0.192 0.100 0.221 20.441
  467   6432.677    26.1 2.891  -3.57  5.679  0.044    28.535     2.168  0.258 -0.028  0.216 -0.007  0.076 0.231 0.100 0.255 15.337
  468   6439.075    20.0 2.524   0.47  4.853  0.050   136.286     2.988  0.282  0.115 -0.063 -0.073 -0.038 0.155 0.100 0.191 27.421
  469   6449.808    20.0 2.521 -0.502  4.903  0.044    80.389     2.995  0.275  0.103 -0.032 -0.030 -0.027 0.115 0.100 0.159 39.684
  470   6456.381    26.1 3.903  -2.05  5.659  0.059    44.022     3.367  0.290 -0.052  0.217 -0.014  0.073 0.235 0.100 0.262 14.535
  471    6499.65    20.0 2.523 -0.818  4.781  0.028    50.374     1.889  0.249  0.097 -0.029 -0.013 -0.020 0.104 0.100 0.147 46.288
  472   6516.077    26.1 2.891  -3.37  5.606  0.058    35.085     3.285  0.286 -0.032  0.218 -0.011  0.078 0.234 0.100 0.261 14.680
  473    6643.63    28.0 1.675  -2.22  4.598  0.037    96.014     2.439  0.248  0.163  0.009 -0.044 -0.021 0.170 0.100 0.201 24.754
  476   6717.681    20.0 2.709 -0.524  4.985  0.042    70.059     2.802  0.274  0.097 -0.034 -0.021 -0.021 0.107 0.100 0.152 43.081
  477   6767.772    28.0 1.825  -2.14  4.554  0.039    85.942     2.659  0.255  0.157  0.011 -0.035 -0.016 0.162 0.100 0.194 26.474
  480   7664.911    19.0 0.000  0.125  4.161  0.044   164.857     3.314  0.326  0.144 -0.082 -0.068 -0.033 0.182 0.100 0.212 22.168
  481   7698.974    19.0 0.000 -0.178  4.187  0.031   145.407     2.114  0.304  0.141 -0.061 -0.065 -0.037 0.171 0.100 0.200 24.902
  482   7714.308    28.0 1.934   -2.0  4.890  0.041   114.949     2.782  0.355  0.162  0.016 -0.054 -0.023 0.173 0.100 0.204 24.023
  483    7788.93    28.0 1.949  -2.18  4.778  0.040    94.316     2.734  0.336  0.158  0.020 -0.038 -0.017 0.165 0.100 0.197 25.841
  485     5526.0    21.1   nan    nan  1.422  0.105 -9999.000 -9999.000  0.222 -0.008  0.193 -0.038  0.068 0.208 0.200 0.307 10.616
  486     5030.0    21.1   nan    nan  1.815  0.276 -9999.000 -9999.000  0.198 -0.025  0.231 -0.067  0.064 0.250 0.200 0.423  5.593
  487     4669.0    21.1   nan    nan  1.577  0.096 -9999.000 -9999.000  0.182 -0.010  0.203 -0.032  0.076 0.219 0.200 0.312 10.283
  488     4415.0    21.1   nan    nan  1.579  0.136 -9999.000 -9999.000  0.175  0.000  0.048 -0.085  0.014 0.099 0.200 0.261 14.643
  489     4399.0    21.1   nan    nan  1.439  0.126 -9999.000 -9999.000  0.168  0.155  0.161 -0.095  0.033 0.245 0.200 0.340  8.642
  490     4824.0    25.0   nan    nan  3.211  0.093 -9999.000 -9999.000  0.164  0.137 -0.019 -0.033 -0.027 0.145 0.200 0.264 14.338
  491     4782.0    25.0   nan    nan  3.288  0.096 -9999.000 -9999.000  0.166  0.137 -0.063 -0.033 -0.037 0.159 0.200 0.273 13.437
  492     4766.0    25.0   nan    nan  3.152  0.037 -9999.000 -9999.000  0.150  0.099 -0.056 -0.002 -0.028 0.117 0.200 0.235 18.140
  493     4762.0    25.0   nan    nan  3.196  0.033 -9999.000 -9999.000  0.153  0.099 -0.054 -0.003 -0.026 0.115 0.200 0.233 18.370
  494     4753.0    25.0   nan    nan  3.206  0.075 -9999.000 -9999.000  0.137  0.135 -0.032 -0.022 -0.027 0.143 0.200 0.257 15.129
  495     4310.0   106.0   nan    nan  5.977  0.017 -9999.000 -9999.000  0.169  0.152 -0.078 -0.002  0.192 0.257 0.100 0.276 13.135
  496     4323.0   106.0   nan    nan  5.993  0.026 -9999.000 -9999.000  0.161  0.141 -0.086 -0.001  0.185 0.248 0.100 0.269 13.838
  497     4246.0    21.1   nan    nan  2.220  0.090 -9999.000 -9999.000  0.147 -0.101  0.054 -0.063 -0.009 0.131 0.200 0.255 15.327
  498     4313.0    21.1   nan    nan  1.663  0.307 -9999.000 -9999.000  0.164 -0.217  0.264 -0.111 -0.213 0.418 0.200 0.556  3.240
  499     4324.0    21.1   nan    nan  1.742  0.207 -9999.000 -9999.000  0.156  0.024  0.244 -0.166  0.029 0.298 0.200 0.414  5.835
  502     3962.0    13.0   nan    nan  4.020  0.178 -9999.000 -9999.000  0.251  0.169 -0.218 -0.048  0.015 0.281 0.300 0.448  4.984
  504     3906.0    14.0   nan    nan  5.754  0.085 -9999.000 -9999.000  0.235  0.125 -0.141  0.003  0.081 0.206 0.100 0.244 16.808
  505     4384.0    23.0   nan    nan  1.906  0.210 -9999.000 -9999.000  0.171  0.243  0.027 -0.030 -0.096 0.264 0.100 0.352  8.062
  506     4379.0    23.0   nan    nan  1.953  0.084 -9999.000 -9999.000  0.170  0.100 -0.026 -0.026 -0.105 0.149 0.100 0.198 25.427
  507     4006.0    23.1   nan    nan  2.372  0.103 -9999.000 -9999.000  0.183  0.004  0.158 -0.001  0.043 0.163 0.100 0.217 21.156
  508     3952.0    23.1   nan    nan  2.054  0.211 -9999.000 -9999.000  0.146 -0.035  0.180 -0.022  0.070 0.197 0.100 0.306 10.696
  510     4020.0    27.0   nan    nan  3.514  0.083 -9999.000 -9999.000  0.159  0.150  0.009 -0.007  0.004 0.150 0.100 0.199 25.355
  511     4110.0    27.0   nan    nan  3.573  0.182 -9999.000 -9999.000  0.170  0.047 -0.030 -0.039 -0.041 0.079 0.100 0.223 20.172
  512     4119.0    27.0   nan    nan  2.654  0.177 -9999.000 -9999.000  0.157  0.188 -0.049 -0.055 -0.055 0.209 0.100 0.292 11.744
  513     4121.0    27.0   nan    nan  2.731  0.195 -9999.000 -9999.000  0.163  0.184 -0.039 -0.083 -0.075 0.219 0.100 0.310 10.429
  515     4078.0    38.1   nan    nan  0.814  0.234 -9999.000 -9999.000  0.225  0.099  0.206 -0.033  0.158 0.280 0.100 0.378  6.982
  516     4215.0    38.1   nan    nan  1.234  0.069 -9999.000 -9999.000  0.156  0.087  0.035 -0.017  0.102 0.140 0.100 0.185 29.071
  517     4900.0    39.1   nan    nan  0.259  0.087 -9999.000 -9999.000  0.164  0.020  0.204 -0.032  0.081 0.222 0.100 0.259 14.929
  518     4884.0    39.1   nan    nan  0.355  0.081 -9999.000 -9999.000  0.175 -0.013  0.195 -0.043  0.076 0.214 0.100 0.250 16.039
  519     4397.0    39.1   nan    nan  0.285  0.102 -9999.000 -9999.000  0.155  0.012  0.192 -0.042  0.051 0.203 0.100 0.248 16.207
  520     4208.0    40.1   nan    nan  0.824  0.096 -9999.000 -9999.000  0.155 -0.037  0.213 -0.040 -0.040 0.223 0.100 0.263 14.472
  521     4554.0    56.1   nan    nan  0.435  0.080 -9999.000 -9999.000  0.155 -0.013  0.017 -0.184 -0.002 0.185 0.200 0.284 12.391
  523     5854.0    56.1   nan    nan  0.478  0.080 -9999.000 -9999.000  0.223  0.015  0.197 -0.058  0.075 0.219 0.200 0.307 10.593
  524     6142.0    56.1   nan    nan  0.555  0.087 -9999.000 -9999.000  0.219  0.032  0.157 -0.091  0.075 0.199 0.200 0.295 11.482
  525     6496.0    56.1   nan    nan  0.491  0.072 -9999.000 -9999.000  0.235  0.021  0.185 -0.070  0.077 0.213 0.200 0.301 11.025
  526     4086.0    57.1   nan    nan -0.340  0.202 -9999.000 -9999.000  0.165 -0.073  0.173 -0.071  0.041 0.205 0.100 0.305 10.781
  527     4122.0    57.1   nan    nan -0.463  0.145 -9999.000 -9999.000  0.176 -0.005  0.183 -0.012  0.053 0.191 0.100 0.260 14.848
  528     4334.0    57.1   nan    nan -0.614  0.098 -9999.000 -9999.000  0.174  0.026  0.205  0.008  0.080 0.221 0.100 0.262 14.582
  529     4430.0    57.1   nan    nan -0.530  0.060 -9999.000 -9999.000  0.159  0.051  0.172  0.002  0.084 0.198 0.100 0.230 18.923
  530     4921.0    57.1   nan    nan -0.402  0.067 -9999.000 -9999.000  0.185  0.027  0.166 -0.012  0.076 0.185 0.100 0.220 20.570
  531     4922.0    57.1   nan    nan -0.421  0.067 -9999.000 -9999.000  0.183  0.024  0.171 -0.011  0.077 0.190 0.100 0.224 19.842
  533     4102.0    66.1   nan    nan -0.107  0.168 -9999.000 -9999.000  0.166  0.039  0.218  0.007  0.065 0.231 0.100 0.303 10.874
  534     4129.0    63.1   nan    nan -0.849  0.098 -9999.000 -9999.000  0.190  0.000  0.187 -0.017  0.022 0.189 0.100 0.235 18.122
  535     4205.0    63.1   nan    nan -0.856  0.079 -9999.000 -9999.000  0.145  0.005  0.148 -0.012  0.057 0.159 0.100 0.204 24.057
  536     4435.0    63.1   nan    nan -0.784  0.058 -9999.000 -9999.000  0.160  0.043  0.199  0.017  0.100 0.228 0.100 0.255 15.325
  538     6645.0    63.1   nan    nan -0.755  0.090 -9999.000 -9999.000  0.197 -0.021  0.194 -0.004  0.076 0.209 0.100 0.249 16.158
  539     3877.0   607.0   nan    nan  6.435  0.028 -9999.000 -9999.000  0.211  0.209 -0.027  0.003  0.197 0.288 0.300 0.417  5.748
  484     6300.0     8.0   nan    nan  7.958    nan       nan       nan    nan    nan    nan    nan    nan   nan   nan   nan    nan
