index wavelength species expot  loggf logeps e_stat       eqw     e_eqw   fwhm e_Teff e_logg   e_vt   e_MH  e_sp e_sys e_tot weight
----- ---------- ------- ----- ------ ------ ------ --------- --------- ------ ------ ------ ------ ------ ----- ----- ----- ------
   24   3858.297    28.0 0.422  -0.96  4.021  0.107   101.253     4.614  0.141  0.163 -0.134 -0.093 -0.003 0.231 0.100 0.273 13.399
   25   3865.523    26.0 1.010  -0.95  5.236  0.108   119.577     7.069  0.146  0.162 -0.169 -0.062  0.004 0.242 0.100 0.283 12.449
   26    3876.04    26.0 1.010  -2.89  5.717  0.174    60.968     6.146  0.142  0.136 -0.018 -0.053 -0.008 0.147 0.100 0.249 16.137
   27   3882.287    22.1 1.115  -1.87  3.369  0.113    55.426     4.664  0.161  0.048  0.176 -0.036  0.017 0.187 0.100 0.240 17.351
   28   3887.048    26.0 0.914  -1.09  5.415  0.127   128.865    10.029  0.186  0.166 -0.182 -0.052  0.008 0.252 0.100 0.299 11.163
   29   3900.539    22.1 1.130  -0.29  3.761  0.111   128.223     6.209  0.177  0.087 -0.022 -0.082  0.030 0.125 0.100 0.195 26.316
   31   3904.783    22.0 0.899   0.15  2.778  0.087    18.861     3.140  0.092  0.114 -0.008 -0.005 -0.006 0.115 0.100 0.175 32.583
   33    3906.48    26.0 0.110  -2.21  5.901  0.094   132.798     6.836  0.177  0.196 -0.239 -0.064  0.016 0.316 0.100 0.345  8.423
   34   3917.181    26.0 0.989  -2.15  5.559  0.117    82.918     4.180  0.128  0.143 -0.064 -0.087 -0.009 0.179 0.100 0.236 17.894
   35    3924.53    22.0 0.021  -0.87  2.988  0.077    23.559     3.160  0.093  0.134 -0.010 -0.007 -0.007 0.135 0.100 0.185 29.339
   40   3948.097    26.0 3.241  -0.59  5.469  0.104    48.740     4.445  0.135  0.088 -0.014 -0.029 -0.005 0.094 0.100 0.172 33.758
   41   3949.953    26.0 2.174  -1.25  5.495  0.139    67.305     4.685  0.128  0.112 -0.020 -0.068 -0.008 0.133 0.100 0.217 21.297
   42   3955.341    26.0 3.281  -1.05  5.492  0.060    27.516     2.591  0.093  0.086 -0.005 -0.010 -0.004 0.087 0.100 0.145 47.308
   43   3958.205    22.0 0.048  -0.11  3.248  0.110    67.130     4.007  0.136  0.135 -0.026 -0.061 -0.010 0.151 0.100 0.212 22.310
   45   3977.741    26.0 2.196  -1.12  5.153  0.134    59.087     4.856  0.119  0.111 -0.008 -0.050 -0.007 0.122 0.100 0.207 23.315
   46   3981.991    22.1 0.573  -2.54  3.220  0.101    45.608     4.866  0.129  0.061  0.177 -0.022  0.019 0.189 0.100 0.237 17.826
   48   3987.606    22.1 0.607  -2.73  3.085  0.083    28.515     3.762  0.100  0.061  0.178 -0.009  0.019 0.189 0.100 0.230 18.962
   49   3989.758    22.0 0.021  -0.13  3.337  0.132    71.293     4.738  0.160  0.139 -0.038 -0.065 -0.009 0.158 0.100 0.229 19.049
   50   3998.636    22.0 0.048   0.02  2.956  0.080    61.384     3.164  0.133  0.133 -0.024 -0.048 -0.008 0.144 0.100 0.192 27.002
   51   4001.661    26.0 2.174   -1.9  5.557  0.075    44.395     3.391  0.131  0.106 -0.005 -0.027 -0.006 0.110 0.100 0.166 36.164
   53   4008.927    22.0 0.021   -1.0  3.165  0.062    25.922     2.562  0.106  0.135 -0.010 -0.007 -0.007 0.136 0.100 0.180 30.990
   54   4012.384    22.1 0.573  -1.78  2.980  0.145    68.227     5.390  0.123  0.063  0.176 -0.057  0.018 0.196 0.100 0.264 14.379
   55   4025.129    22.1 0.607  -2.11  3.081  0.107    57.598     4.522  0.151  0.061  0.176 -0.037  0.019 0.191 0.100 0.241 17.278
   56   4028.338    22.1 1.890  -0.92  3.456  0.135    65.091     4.993  0.155  0.035  0.176 -0.051  0.016 0.187 0.100 0.252 15.802
   57   4030.185    26.0 2.196  -2.31  5.228  0.101    14.179     2.955  0.098  0.108 -0.002 -0.004 -0.005 0.108 0.100 0.179 31.337
   58   4032.627    26.0 1.484  -2.38  5.577  0.105    57.083     4.238  0.134  0.127 -0.017 -0.042 -0.006 0.135 0.100 0.198 25.482
   59   4053.821    22.1 1.891  -1.07  3.123  0.066    44.110     3.150  0.132  0.035  0.183 -0.020  0.016 0.188 0.100 0.223 20.110
   60   4056.187    22.1 0.607  -3.28  3.216  0.078    13.831     2.238  0.113  0.060  0.178 -0.004  0.019 0.189 0.100 0.227 19.325
   62   4063.276    26.0 3.368  -0.81  5.711  0.070    44.348     3.240  0.151  0.084 -0.010 -0.025 -0.005 0.088 0.100 0.151 44.039
   63   4067.978    26.0 3.209  -0.53  5.419  0.085    52.022     3.832  0.139  0.090 -0.027 -0.031 -0.004 0.099 0.100 0.164 36.993
   64   4070.771    26.0 3.239  -0.87  5.446  0.080    35.920     3.710  0.116  0.087 -0.008 -0.014 -0.004 0.089 0.100 0.156 41.244
   65   4073.762    26.0 3.263  -0.97  5.417  0.083    28.937     3.729  0.132  0.086 -0.005 -0.011 -0.006 0.087 0.100 0.156 40.870
   66   4076.629    26.0 3.209  -0.59  5.792  0.103    65.474     4.224  0.189  0.096 -0.057 -0.049 -0.002 0.122 0.100 0.188 28.185
   69   4084.492    26.0 3.329  -0.54  5.716  0.077    59.082     3.263  0.174  0.091 -0.040 -0.041 -0.003 0.108 0.100 0.166 36.362
   70   4098.176    26.0 3.239  -0.97  5.619  0.072    39.444     3.408  0.150  0.088 -0.011 -0.018 -0.004 0.091 0.100 0.153 42.753
   74   4118.545    26.0 3.571   0.27  5.850  0.132    83.459     4.898  0.187  0.091 -0.073 -0.082 -0.004 0.143 0.100 0.219 20.931
   75   4120.206    26.0 2.988  -1.23  5.332  0.066    26.514     2.792 -0.094  0.091 -0.001 -0.010 -0.005 0.092 0.100 0.151 43.929
   76   4121.802    26.0 2.829  -1.28  5.299  0.058    30.035     2.575  0.130  0.095 -0.002 -0.012 -0.005 0.096 0.100 0.150 44.320
   77   4132.058    26.0 1.607  -0.68  5.545  0.066   121.452     4.276  0.175  0.157 -0.188 -0.061  0.010 0.253 0.100 0.280 12.792
   78   4133.856    26.0 3.366  -1.13  5.574  0.090    24.559     3.715  0.166  0.085 -0.002 -0.008 -0.004 0.085 0.100 0.159 39.355
   79   4139.927    26.0 0.989  -3.51  5.406  0.067    23.330     2.717  0.110  0.135 -0.004 -0.007 -0.006 0.135 0.100 0.181 30.473
   80   4143.415    26.0 3.047  -0.21  5.621  0.096    78.580     3.556  0.157  0.104 -0.078 -0.075 -0.002 0.150 0.100 0.204 23.954
   82   4147.669    26.0 1.484  -2.07  5.144  0.065    52.531     2.711  0.119  0.126 -0.011 -0.033 -0.007 0.131 0.100 0.177 31.887
   83   4150.249    26.0 3.428  -1.19  5.345  0.077    13.043     2.079  0.086  0.081  0.001 -0.004 -0.006 0.081 0.100 0.150 44.358
   84   4152.169    26.0 0.957  -3.16  5.532  0.088    46.266     4.084  0.128  0.136 -0.009 -0.029 -0.007 0.140 0.100 0.193 26.873
   85     4153.9    26.0 3.397  -0.28  5.614  0.092    63.814     3.967  0.163  0.092 -0.056 -0.044 -0.001 0.116 0.100 0.179 31.248
   86   4158.792    26.0 3.428   -0.7  5.377  0.076    31.899     3.448  0.142  0.084 -0.007 -0.012 -0.004 0.085 0.100 0.152 43.399
   87   4161.529    22.1 1.083  -2.09  3.161  0.061    39.108     2.893  0.119  0.049  0.182 -0.016  0.018 0.190 0.100 0.223 20.069
   89   4171.904    22.1 2.596   -0.3  3.044  0.078    42.090     3.586  0.133  0.021  0.184 -0.016  0.015 0.186 0.100 0.226 19.661
   90   4173.921    26.0 0.989  -3.29  5.527  0.071    38.487     3.429  0.137  0.136 -0.008 -0.017 -0.006 0.137 0.100 0.184 29.475
   91   4174.913    26.0 0.914  -2.94  5.341  0.070    49.867     3.145  0.130  0.138 -0.010 -0.030 -0.007 0.142 0.100 0.187 28.576
   92   4178.855    26.1 2.583  -2.51  5.357  0.063    50.750     2.743  0.126  0.018  0.186 -0.031  0.016 0.190 0.100 0.224 19.957
   93   4184.312    22.1 1.079  -2.49  3.548  0.085    38.754     4.151  0.147  0.050  0.181 -0.017  0.019 0.190 0.100 0.231 18.819
   94   4187.039    26.0 2.450  -0.56  5.457  0.068    87.442     3.084  0.144  0.127 -0.131 -0.064  0.005 0.193 0.100 0.228 19.217
   95   4199.095    26.0 3.045   0.17  5.506  0.092    87.846     3.523  0.160  0.104 -0.087 -0.087 -0.003 0.161 0.100 0.211 22.508
   97   4216.184    26.0 0.000  -3.36  5.844  0.095    89.486     3.259  0.135  0.169 -0.073 -0.102 -0.017 0.211 0.100 0.252 15.721
   98   4233.163    26.1 2.583  -2.02  5.730  0.070    85.817     2.739  0.161  0.025  0.147 -0.078  0.017 0.169 0.100 0.209 22.984
   99   4233.603    26.0 2.482   -0.6  5.443  0.084    84.041     3.729  0.144  0.124 -0.117 -0.063  0.004 0.182 0.100 0.224 19.957
  100   4250.787    26.0 1.556  -0.71  5.293  0.071   109.616     3.619  0.151  0.152 -0.159 -0.078  0.001 0.233 0.100 0.264 14.386
  101   4282.403    26.0 2.174  -0.78  5.352  0.083    81.113     2.832  0.139  0.119 -0.046 -0.088 -0.009 0.155 0.100 0.202 24.395
  102   4283.011    20.0 1.886 -0.224  4.644  0.073    70.289     3.170  0.153  0.085 -0.051 -0.045 -0.003 0.109 0.100 0.165 36.778
  103   4287.403    22.0 0.835  -0.37  3.172  0.079    18.221     2.784  0.154  0.117 -0.009 -0.005 -0.006 0.118 0.100 0.173 33.252
  104   4290.215    22.1 1.164  -0.87  3.607  0.112   102.601     4.125  0.179  0.062  0.104 -0.103  0.016 0.160 0.100 0.219 20.803
  105   4291.463    26.0 0.052  -4.08  5.675  0.056    56.547     2.318  0.148  0.159 -0.014 -0.038 -0.009 0.164 0.100 0.200 24.913
  106   4295.749    22.0 0.812  -0.42  2.883  0.089     9.884     1.950 -0.089  0.118 -0.008 -0.002 -0.005 0.118 0.100 0.179 31.310
  111   4316.794    22.1 2.046  -1.62  3.042  0.074    13.156     1.950  0.087  0.034  0.183 -0.003  0.015 0.187 0.100 0.224 19.859
  112   4318.652    20.0 1.899  -0.21  4.635  0.059    70.084     2.600  0.147  0.084 -0.051 -0.045 -0.003 0.108 0.100 0.159 39.725
  113    4320.95    22.1 1.164  -1.88  3.382  0.118    56.490     5.226  0.152  0.044  0.177 -0.039  0.019 0.187 0.100 0.243 16.928
  116   4330.238    22.1 2.046  -1.64  3.503  0.097    28.687     4.448  0.248  0.031  0.180 -0.009  0.016 0.184 0.100 0.230 18.830
  117   4330.698    22.1 1.179  -2.09  3.189  0.057    36.332     2.825  0.121  0.049  0.182 -0.013  0.019 0.190 0.100 0.222 20.282
  118   4331.642    28.0 1.675  -2.27  4.241  0.097    12.734     2.610  0.124  0.114  0.007 -0.003 -0.004 0.114 0.100 0.180 30.788
  119   4337.046    26.0 1.556   -1.7  5.785  0.091    89.732     3.551  0.164  0.139 -0.086 -0.086 -0.007 0.185 0.100 0.229 19.068
  123   4358.501    26.0 2.947  -1.57  5.544  0.053    23.909     2.113  0.142  0.093  0.000 -0.008 -0.007 0.094 0.100 0.147 46.356
  124   4367.903    26.0 1.607  -2.88  5.731  0.084    37.180     3.997  0.188  0.122 -0.006 -0.016 -0.006 0.123 0.100 0.180 30.989
  125    4375.93    26.0 0.000   -3.0  5.299  0.087    84.793     2.989  0.138  0.168 -0.054 -0.095 -0.017 0.201 0.100 0.241 17.234
  127   4389.245    26.0 0.052  -4.55  5.450  0.054    25.039     2.268  0.109  0.156 -0.008 -0.008 -0.007 0.157 0.100 0.193 26.717
  128   4394.059    22.1 1.220  -1.77  3.097  0.059    45.717     2.965  0.143  0.048  0.182 -0.020  0.019 0.190 0.100 0.223 20.132
  129   4395.031    22.1 1.083  -0.54  3.505  0.066   116.233     2.779  0.183  0.074  0.058 -0.102  0.019 0.140 0.100 0.184 29.445
  130   4395.839    22.1 1.242  -1.93  3.118  0.050    37.561     2.477  0.135  0.045  0.179 -0.016  0.019 0.186 0.100 0.217 21.194
  131   4399.765    22.1 1.236   -1.2  3.377  0.090    81.039     3.186  0.153  0.052  0.164 -0.074  0.017 0.188 0.100 0.231 18.703
  132   4401.541    28.0 3.191   0.06  4.155  0.073    37.115     3.425  0.146  0.084 -0.001 -0.016 -0.003 0.086 0.100 0.151 44.146
  133   4408.414    26.0 2.196  -1.74  5.743  0.063    62.046     2.704  0.160  0.114 -0.027 -0.043 -0.005 0.125 0.100 0.172 33.819
  135   4409.518    22.1 1.230  -2.53  3.198  0.061    16.608     1.982  0.122  0.046  0.180 -0.005  0.017 0.187 0.100 0.220 20.596
  136   4411.073    22.1 3.092  -0.65  3.407  0.087    20.613     3.285  0.239  0.011  0.183 -0.005  0.012 0.184 0.100 0.227 19.475
  137    4411.93    22.1 1.223  -2.62  3.360  0.052    19.211     1.859  0.118  0.048  0.179 -0.007  0.019 0.186 0.100 0.218 21.070
  138   4415.123    26.0 1.607  -0.62  5.492  0.051   126.176     3.572  0.187  0.157 -0.189 -0.060  0.007 0.253 0.100 0.277 13.051
  139   4416.818    26.1 2.778  -2.57  5.336  0.047    38.442     2.168  0.124  0.015  0.188 -0.017  0.016 0.190 0.100 0.220 20.694
  140   4418.331    22.1 1.236  -1.99  3.224  0.058    40.407     2.808  0.130  0.047  0.182 -0.016  0.019 0.190 0.100 0.222 20.278
  141   4421.938    22.1 2.060  -1.64  3.045  0.094    12.539     2.454  0.140  0.031  0.182 -0.003  0.015 0.185 0.100 0.231 18.813
  143   4425.437    20.0 1.879 -0.358  4.507  0.056    60.111     2.749  0.150  0.085 -0.046 -0.029 -0.001 0.101 0.100 0.153 42.882
  145    4427.31    26.0 0.052  -2.92  5.904  0.086   106.844     3.383  0.166  0.180 -0.119 -0.109 -0.018 0.242 0.100 0.276 13.130
  147   4434.957    20.0 1.886 -0.007  4.420  0.073    72.591     3.521  0.144  0.090 -0.077 -0.041  0.001 0.125 0.100 0.176 32.215
  148   4435.149    26.0 0.087  -4.31  5.860  0.088    53.549     3.914  0.184  0.157 -0.011 -0.035 -0.009 0.161 0.100 0.209 22.820
  149   4435.679    20.0 1.886 -0.519  4.885  0.064    70.382     3.051  0.188  0.090 -0.070 -0.038  0.001 0.120 0.100 0.169 35.036
  151   4442.339    26.0 2.196  -1.23  5.354  0.053    67.385     2.223  0.145  0.116 -0.036 -0.051 -0.005 0.132 0.100 0.174 33.126
  152   4443.801    22.1 1.079  -0.71  3.292  0.078   102.154     2.901  0.160  0.062  0.113 -0.101  0.015 0.164 0.100 0.208 23.189
  153   4444.554    22.1 1.115   -2.2  3.136  0.053    32.314     2.551  0.146  0.050  0.179 -0.010  0.019 0.187 0.100 0.219 20.915
  154   4447.717    26.0 2.221  -1.36  5.634  0.068    72.589     2.830  0.154  0.117 -0.046 -0.058 -0.005 0.139 0.100 0.184 29.569
  156   4450.482    22.1 1.083  -1.52  3.096  0.066    64.469     2.760  0.138  0.052  0.178 -0.046  0.020 0.192 0.100 0.226 19.508
  160   4454.779    20.0 1.899  0.258  4.483  0.064    87.871     3.167  0.158  0.100 -0.125 -0.048  0.007 0.167 0.100 0.205 23.767
  161   4455.317    22.0 1.442    0.1  3.214  0.058    14.573     1.713  0.116  0.103 -0.007 -0.004 -0.006 0.103 0.100 0.155 41.537
  162   4455.887    20.0 1.899 -0.518  4.545  0.052    52.975     2.681  0.151  0.083 -0.033 -0.022 -0.002 0.092 0.100 0.146 47.234
  163   4457.427    22.0 1.459   0.26  3.257  0.053    20.555     1.892  0.116  0.104 -0.006 -0.005 -0.005 0.104 0.100 0.154 42.173
  164   4459.117    26.0 2.174  -1.29  5.753  0.075    82.608     3.186  0.169  0.123 -0.068 -0.066 -0.004 0.155 0.100 0.199 25.157
  165   4461.653    26.0 0.087  -3.19  5.605  0.081    86.324     2.866  0.156  0.167 -0.058 -0.094 -0.017 0.201 0.100 0.239 17.562
  166   4465.805    22.0 1.738  -0.13  3.622  0.086    11.197     2.097  0.111  0.097 -0.006 -0.003 -0.005 0.097 0.100 0.164 37.208
  167   4468.493    22.1 1.130  -0.63  3.340  0.092   105.126     3.533  0.164  0.063  0.103 -0.103  0.015 0.159 0.100 0.209 22.791
  168   4469.151    22.1 1.083  -2.55  3.250  0.082    23.570     3.438  0.138  0.049  0.179 -0.006  0.020 0.187 0.100 0.227 19.379
  173    4484.22    26.0 3.600  -0.64  5.282  0.062    23.681     2.533  0.139  0.080 -0.002 -0.008 -0.004 0.081 0.100 0.143 49.191
  174   4488.324    22.1 3.121   -0.5  3.209  0.078    18.039     2.689  0.131  0.010  0.182 -0.006  0.012 0.183 0.100 0.222 20.207
  175   4489.739    26.0 0.121   -3.9  5.620  0.063    59.632     2.644  0.137  0.158 -0.014 -0.046 -0.010 0.165 0.100 0.203 24.186
  176     4491.4    26.1 2.856  -2.71  5.271  0.059    25.734     2.469  0.123  0.013  0.187 -0.009  0.014 0.188 0.100 0.221 20.451
  177   4493.522    22.1 1.079  -2.78  3.152  0.083    13.023     2.310  0.148  0.050  0.178 -0.004  0.019 0.186 0.100 0.227 19.436
  178   4494.563    26.0 2.196  -1.14  5.523  0.066    78.526     2.762  0.168  0.121 -0.057 -0.062 -0.004 0.147 0.100 0.190 27.695
  180    4501.27    22.1 1.115  -0.77  3.372  0.099   102.087     3.717  0.160  0.061  0.115 -0.100  0.015 0.165 0.100 0.217 21.289
  181   4508.281    26.1 2.856  -2.42  5.549  0.050    51.962     2.296  0.160  0.014  0.185 -0.031  0.017 0.189 0.100 0.219 20.759
  182   4512.734    22.0 0.835   -0.4  2.917  0.085    10.863     2.014  0.125  0.117 -0.009 -0.003 -0.006 0.118 0.100 0.176 32.215
  183   4515.334    26.1 2.844   -2.6  5.662  0.060    49.430     2.718  0.168  0.013  0.188 -0.027  0.017 0.191 0.100 0.224 19.947
  184   4518.022    22.0 0.825  -0.25  2.863  0.104    13.431     2.999  0.172  0.117 -0.011 -0.004 -0.006 0.118 0.100 0.186 28.836
  185   4518.332    22.1 1.079  -2.56  3.445  0.041    32.028     1.995  0.143  0.050  0.178 -0.010  0.020 0.186 0.100 0.215 21.568
  186   4520.221    26.1 2.807  -2.65  5.546  0.045    43.438     2.165  0.134  0.014  0.188 -0.021  0.017 0.190 0.100 0.220 20.706
  187   4522.628    26.1 2.844  -2.29  5.792  0.063    68.757     2.581  0.165  0.016  0.174 -0.055  0.019 0.184 0.100 0.219 20.882
  188   4527.304    22.0 0.812  -0.45  3.696  0.077    39.175     3.758  0.231  0.119 -0.011 -0.014 -0.005 0.120 0.100 0.174 32.859
  189   4528.614    26.0 2.174  -0.89  5.567  0.067    92.611     3.172  0.181  0.127 -0.090 -0.067 -0.002 0.169 0.100 0.208 23.142
  190    4529.48    22.1 1.571  -1.75  3.225  0.051    35.032     2.471  0.129  0.041  0.183 -0.011  0.019 0.189 0.100 0.220 20.724
  191   4531.148    26.0 1.484   -2.1  5.342  0.064    62.007     2.603  0.155  0.131 -0.018 -0.046 -0.006 0.140 0.100 0.184 29.644
  192   4533.239    22.0 0.848   0.54  2.770  0.037    40.460     1.788  0.109  0.118 -0.011 -0.015 -0.006 0.120 0.100 0.160 38.947
  193   4534.776    22.0 0.835   0.35  3.014  0.041    43.670     2.017  0.135  0.119 -0.014 -0.020 -0.006 0.122 0.100 0.163 37.771
  194   4535.569    22.0 0.825   0.14  3.052  0.053    35.685     2.606  0.143  0.118 -0.012 -0.015 -0.006 0.120 0.100 0.165 36.847
  196   4545.133    22.1 1.130  -2.45  3.140  0.049    21.421     1.929  0.104  0.048  0.178 -0.006  0.019 0.185 0.100 0.216 21.373
  197   4547.847    26.0 3.544  -0.82  5.575  0.047    30.873     2.104  0.177  0.081  0.000 -0.011 -0.004 0.082 0.100 0.138 52.888
  199   4555.483    22.0 0.848   -0.4  2.936  0.083    11.058     1.976  0.120  0.116 -0.008 -0.002 -0.005 0.116 0.100 0.174 32.853
  200   4555.888    26.1 2.828   -2.4  5.396  0.039    47.312     1.865  0.128  0.015  0.188 -0.024  0.018 0.191 0.100 0.219 20.837
  201   4558.644    24.1 4.070  -0.43  3.561  0.044    30.302     1.971  0.155 -0.006  0.185 -0.011  0.010 0.186 0.100 0.215 21.543
  202   4571.096    12.0 0.000 -5.623  6.053  0.045    63.230     2.589  0.168  0.149 -0.008 -0.021 -0.009 0.151 0.100 0.187 28.725
  203   4571.971    22.1 1.571  -0.31  3.261  0.079    97.408     2.938  0.169  0.051  0.126 -0.094  0.017 0.166 0.100 0.209 22.808
  204   4576.328    26.1 2.844  -2.95  5.624  0.070    31.531     3.256  0.216  0.014  0.188 -0.011  0.015 0.189 0.100 0.225 19.690
  205   4580.048    24.0 0.941  -1.66  3.712  0.074    17.344     2.479  0.150  0.115 -0.009 -0.005 -0.005 0.116 0.100 0.170 34.682
  206   4582.835    26.1 2.844  -3.18  5.719  0.067    25.585     2.818  0.190  0.014  0.187 -0.009  0.015 0.188 0.100 0.224 20.016
  207   4583.409    22.1 1.164  -2.84  3.573  0.093    21.888     3.627  0.222  0.049  0.182 -0.004  0.020 0.190 0.100 0.234 18.318
  208   4583.829    26.1 2.807  -1.94  5.612  0.069    77.634     2.777  0.173  0.019  0.164 -0.065  0.019 0.178 0.100 0.216 21.457
  209   4588.198    24.1 4.068  -0.65  3.657  0.060    25.215     2.456  0.147 -0.007  0.185 -0.009  0.009 0.186 0.100 0.219 20.817
  211   4592.053    24.1 4.070   -1.3  4.041  0.094    15.955     2.959  0.195 -0.006  0.186 -0.003  0.009 0.186 0.100 0.231 18.671
  212   4592.651    26.0 1.556  -2.46  5.649  0.066    56.700     2.871  0.191  0.127 -0.014 -0.037 -0.006 0.133 0.100 0.179 31.165
  213   4600.749    24.0 1.003  -1.25  3.501  0.059    22.038     2.332  0.137  0.114 -0.008 -0.007 -0.005 0.115 0.100 0.163 37.571
  214     4602.0    26.0 1.607  -3.13  5.337  0.063    13.284     1.702  0.074  0.123 -0.003 -0.003 -0.004 0.123 0.100 0.171 34.325
  215   4602.941    26.0 1.484  -2.21  5.474  0.063    62.830     2.516  0.134  0.130 -0.013 -0.049 -0.007 0.140 0.100 0.183 29.861
  216   4604.988    28.0 3.477  -0.24  4.207  0.116    15.852     3.712  0.215  0.076  0.008 -0.005 -0.004 0.077 0.100 0.171 34.085
  218   4607.647    26.0 3.263  -1.33  5.544  0.055    21.023     2.052  0.121  0.087 -0.001 -0.007 -0.004 0.087 0.100 0.144 48.400
  220   4616.124    24.0 0.982  -1.19  3.532  0.061    26.650     2.687  0.186  0.114 -0.008 -0.008 -0.006 0.115 0.100 0.164 37.200
  222   4619.288    26.0 3.600  -1.06  5.524  0.077    17.621     2.598  0.133  0.080  0.000 -0.005 -0.004 0.080 0.100 0.150 44.701
  224   4623.097    22.0 1.738   0.16  3.380  0.101    12.574     2.718  0.185  0.098 -0.006 -0.004 -0.005 0.098 0.100 0.173 33.464
  225   4625.045    26.0 3.239  -1.27  5.457  0.070    21.147     2.684  0.142  0.088 -0.003 -0.006 -0.003 0.088 0.100 0.151 44.055
  226   4626.173    24.0 0.968  -1.33  3.750  0.052    30.827     2.269  0.164  0.115 -0.007 -0.010 -0.005 0.116 0.100 0.162 38.308
  227   4629.332    26.1 2.807  -2.26  5.479  0.063    58.715     2.761  0.157  0.014  0.182 -0.041  0.019 0.188 0.100 0.222 20.271
  228    4630.12    26.0 2.277  -2.58  5.619  0.055    16.688     1.760  0.131  0.109 -0.002 -0.004 -0.004 0.109 0.100 0.158 40.091
  229   4632.912    26.0 1.607   -2.9  5.569  0.059    29.838     2.686  0.165  0.124 -0.005 -0.010 -0.005 0.125 0.100 0.170 34.473
  230   4634.073    24.1 4.069  -1.05  3.754  0.066    14.951     1.961  0.134 -0.006  0.186 -0.004  0.008 0.186 0.100 0.222 20.379
  231   4637.503    26.0 3.281  -1.29  5.364  0.059    15.926     1.869  0.123  0.086 -0.002 -0.004 -0.004 0.086 0.100 0.145 47.815
  233   4646.162    24.0 1.029  -0.74  3.429  0.044    40.528     2.124  0.138  0.117 -0.008 -0.015 -0.005 0.118 0.100 0.161 38.551
  234   4648.652    28.0 3.417  -0.09  3.692  0.098     8.761     1.955  0.102  0.077  0.010 -0.003 -0.004 0.078 0.100 0.160 38.973
  236   4651.291    24.0 0.982  -1.46  3.599  0.069    18.925     2.466  0.177  0.114 -0.009 -0.006 -0.008 0.115 0.100 0.167 35.792
  237   4652.157    24.0 1.003  -1.04  3.476  0.053    29.877     2.463  0.131  0.114 -0.008 -0.011 -0.006 0.115 0.100 0.161 38.422
  238   4657.201    22.1 1.242  -2.29  3.163  0.064    24.260     2.664  0.140  0.048  0.180 -0.007  0.020 0.187 0.100 0.222 20.305
  240   4678.846    26.0 3.600  -0.68  5.380  0.056    26.515     2.384  0.137  0.081 -0.003 -0.008 -0.003 0.082 0.100 0.141 50.556
  241   4686.213    28.0 3.594  -0.59  4.426  0.083     9.733     1.783  0.125  0.073  0.010 -0.004 -0.004 0.074 0.100 0.150 44.741
  242   4702.991    12.0 4.346  -0.44  5.815  0.038    92.759     2.866  0.175  0.080 -0.126 -0.021  0.012 0.151 0.100 0.185 29.149
  243   4707.275    26.0 3.241  -0.96  5.362  0.043    30.030     1.941  0.149  0.089 -0.008 -0.011 -0.003 0.090 0.100 0.141 50.088
  244   4708.663    22.1 1.236  -2.35  3.053  0.057    18.307     1.994  0.139  0.046  0.179 -0.004  0.020 0.186 0.100 0.219 20.910
  245   4714.417    28.0 3.377   0.25  4.130  0.044    36.630     2.075  0.142  0.081 -0.001 -0.015 -0.002 0.082 0.100 0.137 53.396
  246    4722.15    30.0 4.030  -0.37  2.620  0.066    16.714     2.118  0.130  0.052  0.090 -0.005  0.005 0.104 0.100 0.159 39.665
  247   4727.395    26.0 3.684  -1.06  5.395  0.070    11.770     1.732  0.120  0.078  0.003 -0.004 -0.004 0.078 0.100 0.145 47.560
  248   4733.591    26.0 1.484  -2.99  5.598  0.055    33.446     2.627  0.152  0.126 -0.003 -0.013 -0.005 0.127 0.100 0.171 34.358
  249   4736.773    26.0 3.209  -0.67  5.539  0.062    54.206     2.912  0.174  0.095 -0.034 -0.030 -0.001 0.105 0.100 0.158 40.117
  250   4756.515    28.0 3.477  -0.27  4.311  0.092    18.420     3.204  0.198  0.077  0.008 -0.005 -0.003 0.078 0.100 0.156 40.830
  251   4762.778    22.1 1.083  -2.89  3.285  0.099    14.112     2.929  0.206  0.051  0.181 -0.003  0.021 0.189 0.100 0.236 17.981
  252   4763.883    22.1 1.220   -2.4  3.462  0.051    34.233     2.502  0.183  0.049  0.180 -0.011  0.021 0.188 0.100 0.219 20.849
  253   4764.525    22.1 1.236  -2.69  3.195  0.073    12.652     1.964  0.099  0.047  0.181 -0.003  0.020 0.188 0.100 0.225 19.720
  254   4772.804    26.0 1.556   -2.9  5.242  0.080    19.351     2.925  0.259  0.124 -0.005 -0.007 -0.005 0.124 0.100 0.179 31.372
  255   4786.535    28.0 3.417  -0.18  4.288  0.092    23.126     3.700  0.225  0.078  0.006 -0.007 -0.004 0.079 0.100 0.157 40.568
  257   4798.531    22.1 1.079  -2.66  3.382  0.048    25.715     2.113  0.165  0.051  0.179 -0.008  0.020 0.187 0.100 0.218 21.092
  259    4810.53    30.0 4.078  -0.15  2.405  0.068    15.481     2.060  0.131  0.050  0.090 -0.005  0.005 0.103 0.100 0.159 39.565
  261   4824.131    24.1 3.868  -0.92  3.649  0.059    22.756     2.295  0.122 -0.003  0.184 -0.008  0.011 0.185 0.100 0.218 21.038
  262   4831.176    28.0 3.603  -0.32  4.052  0.096     7.812     1.733  0.099  0.074  0.010 -0.003 -0.003 0.075 0.100 0.158 40.305
  263   4840.874    22.0 0.899  -0.43  3.211  0.098    16.688     3.290  0.189  0.117 -0.008 -0.003 -0.005 0.117 0.100 0.183 29.947
  271   4871.318    26.0 2.865  -0.34  5.424  0.050    81.302     2.306  0.167  0.117 -0.101 -0.057  0.004 0.165 0.100 0.199 25.217
  273   4874.009    22.1 3.092  -0.86  3.185  0.100     9.441     2.078  0.138  0.013  0.184 -0.003  0.013 0.185 0.100 0.233 18.449
  275   4889.002    26.0 2.196  -2.55  5.636  0.083    21.748     3.266  0.238  0.110 -0.002 -0.007 -0.005 0.110 0.100 0.170 34.402
  276   4890.755    26.0 2.876  -0.38  5.213  0.056    69.500     2.506  0.154  0.109 -0.065 -0.047  0.001 0.135 0.100 0.177 31.793
  277    4903.31    26.0 2.882  -0.89  5.516  0.069    59.734     3.247  0.187  0.104 -0.042 -0.036 -0.001 0.118 0.100 0.169 34.917
  278   4910.017    26.0 3.394  -1.28  5.553  0.097    18.892     3.464  0.207  0.084  0.001 -0.006 -0.004 0.084 0.100 0.163 37.709
  283   4923.922    26.1 2.891  -1.26  5.420  0.075    96.101     3.387  0.175  0.023  0.134 -0.077  0.018 0.157 0.100 0.201 24.775
  284   4939.687    26.0 0.858  -3.25  5.574  0.064    53.148     2.975  0.171  0.143 -0.010 -0.031 -0.007 0.147 0.100 0.189 28.046
  285   4946.388    26.0 3.368  -1.11  5.244  0.055    15.461     1.700  0.098  0.085 -0.002 -0.004 -0.004 0.085 0.100 0.142 49.293
  286   4966.089    26.0 3.329  -0.79  5.411  0.103    36.570     5.010  0.202  0.089 -0.013 -0.014 -0.003 0.091 0.100 0.170 34.596
  292    4994.13    26.0 0.914  -2.97  5.447  0.201    57.624     8.618  0.175  0.143 -0.011 -0.037 -0.007 0.148 0.100 0.269 13.814
  295   4999.503    22.0 0.825   0.32  3.370  0.192    61.788     8.429  0.170  0.123 -0.025 -0.039 -0.007 0.132 0.100 0.253 15.579
  296   5001.864    26.0 3.882  -0.01  5.481  0.138    49.495     6.617  0.133  0.080 -0.025 -0.025 -0.001 0.087 0.100 0.192 27.251
  298   5005.712    26.0 3.884  -0.12  5.236  0.161    32.134     7.430  0.121  0.076 -0.004 -0.013 -0.003 0.077 0.100 0.205 23.871
  299   5007.209    22.0 0.818   0.17  4.172  0.209    89.533     8.909  0.265  0.134 -0.078 -0.073 -0.008 0.172 0.100 0.288 12.032
  301   5012.068    26.0 0.858   -2.6  5.275  0.225    68.594     8.756  0.165  0.148 -0.023 -0.059 -0.009 0.161 0.100 0.294 11.545
  306   5018.435    26.1 2.891   -1.1  5.407  0.153   103.647     7.839  0.213  0.026  0.119 -0.075  0.019 0.144 0.100 0.233 18.439
  316   5041.072    26.0 0.957  -3.09  5.720  0.153    62.164     6.325  0.151  0.142 -0.012 -0.048 -0.009 0.151 0.100 0.237 17.824
  317   5041.756    26.0 1.484   -2.2  5.871  0.178    80.419     6.588  0.209  0.137 -0.040 -0.078 -0.012 0.163 0.100 0.261 14.645
  324   5080.533    28.0 3.652   0.32  4.129  0.150    27.542     6.727  0.181  0.075  0.002 -0.010 -0.002 0.076 0.100 0.196 26.155
  325   5083.339    26.0 0.957  -2.84  5.517  0.145    64.637     5.869  0.190  0.144 -0.017 -0.049 -0.008 0.153 0.100 0.233 18.343
  330   5110.413    26.0 0.000  -3.76  6.050  0.115    90.122     4.337  0.187  0.175 -0.058 -0.091 -0.022 0.207 0.100 0.257 15.156
  333    5123.72    26.0 1.010  -3.06  5.477  0.098    50.378     4.667  0.170  0.139 -0.010 -0.028 -0.007 0.142 0.100 0.200 25.088
  334    5127.36    26.0 0.914  -3.25  5.665  0.087    55.287     4.006  0.200  0.143 -0.012 -0.034 -0.007 0.148 0.100 0.198 25.401
  335   5129.156    22.1 1.890  -1.34  3.297  0.098    44.070     5.043  0.207  0.035  0.183 -0.017  0.022 0.188 0.100 0.235 18.151
  336   5133.689    26.0 4.175   0.36  5.699  0.155    63.599     7.376  0.395  0.081 -0.055 -0.037  0.003 0.105 0.100 0.212 22.227
  337   5137.074    28.0 1.675  -1.94  4.252  0.135    26.011     5.955  0.182  0.116  0.004 -0.008 -0.004 0.116 0.100 0.204 23.936
  340    5150.84    26.0 0.989  -3.04  5.707  0.128    63.001     5.253  0.198  0.143 -0.016 -0.047 -0.008 0.152 0.100 0.222 20.258
  341   5151.911    26.0 1.010  -3.32  5.655  0.112    46.469     5.485  0.196  0.135 -0.011 -0.027 -0.010 0.138 0.100 0.204 23.969
  342   5166.282    26.0 0.000  -4.12  5.686  0.102    62.180     4.370  0.174  0.164 -0.014 -0.046 -0.011 0.171 0.100 0.223 20.107
  343   5171.596    26.0 1.484  -1.72  5.487  0.137    85.368     5.382  0.225  0.142 -0.065 -0.080 -0.010 0.176 0.100 0.244 16.762
  344   5172.684    12.0 2.712 -0.393  5.698  0.107   230.111    21.628  0.274  0.145 -0.266 -0.013  0.027 0.304 0.100 0.338  8.762
  345   5173.743    22.0 0.000  -1.06  3.285  0.146    34.255     7.210  0.290  0.138 -0.012 -0.012 -0.006 0.139 0.100 0.225 19.730
  346   5183.604    12.0 2.717 -0.167  5.825  0.095   313.853    29.994  0.201  0.148 -0.281 -0.007  0.032 0.319 0.100 0.348  8.267
  347   5185.902    22.1 1.891  -1.41  3.202  0.095    35.904     4.782  0.185  0.035  0.183 -0.013  0.021 0.188 0.100 0.233 18.399
  348   5192.969    22.0 0.021  -0.95  3.861  0.145    66.561     6.086  0.309  0.143 -0.023 -0.045 -0.008 0.152 0.100 0.233 18.487
  349   5194.942    26.0 1.556  -2.02  5.695  0.106    78.903     4.150  0.184  0.137 -0.049 -0.072 -0.009 0.163 0.100 0.218 20.977
  350   5197.568    26.1 3.230  -2.22  5.432  0.109    39.414     5.459  0.233  0.007  0.187 -0.016  0.019 0.189 0.100 0.240 17.386
  351   5202.336    26.0 2.174  -1.87  5.728  0.132    59.388     5.859  0.250  0.117 -0.020 -0.038 -0.004 0.125 0.100 0.207 23.270
  352   5206.023    24.0 0.941   0.02  3.200  0.124    71.395     5.135  0.182  0.126 -0.042 -0.054 -0.006 0.143 0.100 0.214 21.754
  353   5210.384    22.0 0.048  -0.82  3.165  0.108    37.812     5.304  0.180  0.138 -0.011 -0.011 -0.006 0.139 0.100 0.202 24.398
  355   5215.181    26.0 3.263  -0.86  5.183  0.079    26.694     3.498  0.146  0.088 -0.008 -0.009 -0.004 0.089 0.100 0.155 41.413
  356   5216.274    26.0 1.607  -2.08  5.365  0.100    60.784     4.302  0.180  0.127 -0.019 -0.042 -0.008 0.135 0.100 0.196 26.097
  357   5217.389    26.0 3.209  -1.07  5.237  0.130    22.721     5.318  0.214  0.090 -0.005 -0.007 -0.003 0.090 0.100 0.187 28.503
  359   5225.525    26.0 0.110  -4.75  5.749  0.096    29.635     4.488  0.224  0.157 -0.006 -0.011 -0.007 0.158 0.100 0.210 22.690
  360    5227.19    26.0 1.556  -1.23  5.774  0.089   116.397     4.869  0.213  0.162 -0.167 -0.078 -0.001 0.245 0.100 0.280 12.798
  362   5234.624    26.1 3.221  -2.18  5.713  0.090    54.883     4.126  0.158  0.008  0.185 -0.032  0.022 0.189 0.100 0.232 18.554
  363   5242.491    26.0 3.632  -0.83  5.571  0.113    27.704     4.997  0.194  0.080 -0.001 -0.010 -0.004 0.081 0.100 0.171 34.145
  365   5250.646    26.0 2.196  -2.18  5.778  0.087    46.044     4.250  0.207  0.112 -0.010 -0.024 -0.006 0.115 0.100 0.176 32.440
  367   5254.956    26.0 0.110  -4.76  5.733  0.086    28.584     3.920  0.154  0.158 -0.005 -0.010 -0.006 0.159 0.100 0.206 23.517
  368   5263.306    26.0 3.263  -0.87  5.276  0.068    30.475     3.101  0.131  0.090 -0.009 -0.010 -0.002 0.091 0.100 0.151 43.649
  370   5265.556    20.0 2.523  -0.26  4.753  0.083    44.426     4.228  0.180  0.066 -0.013 -0.019 -0.005 0.070 0.100 0.148 45.869
  372   5269.537    26.0 0.858  -1.33  5.424  0.082   132.676     5.483  0.219  0.183 -0.195 -0.069 -0.001 0.276 0.100 0.305 10.753
  374   5275.997    26.1 3.199  -2.01  5.489  0.101    54.310     4.930  0.209  0.008  0.184 -0.029  0.022 0.188 0.100 0.235 18.035
  375   5283.621    26.0 3.239  -0.45  5.389  0.086    57.831     4.112  0.200  0.098 -0.043 -0.032  0.000 0.112 0.100 0.173 33.474
  376    5284.08    26.1 2.891  -3.11  5.515  0.103    19.964     3.748  0.172  0.014  0.190 -0.004  0.018 0.191 0.100 0.239 17.468
  378   5296.691    24.0 0.982  -1.36  3.327  0.103    14.822     3.186  0.123  0.115 -0.009 -0.004 -0.005 0.116 0.100 0.184 29.449
  379   5298.272    24.0 0.982  -1.14  3.626  0.088    35.188     4.297  0.164  0.117 -0.012 -0.013 -0.005 0.118 0.100 0.178 31.474
  380   5302.303    26.0 3.281  -0.73  5.701  0.081    57.288     3.959  0.206  0.097 -0.043 -0.032  0.000 0.111 0.100 0.170 34.669
  381   5307.361    26.0 1.607  -2.91  5.474  0.065    27.234     2.871  0.148  0.124 -0.004 -0.010 -0.005 0.125 0.100 0.172 33.621
  382   5324.179    26.0 3.211  -0.11  5.508  0.089    81.036     4.349  0.217  0.112 -0.105 -0.053  0.005 0.162 0.100 0.211 22.561
  384   5328.039    26.0 0.914  -1.47  5.657  0.069   135.706     4.845  0.219  0.184 -0.201 -0.066  0.001 0.280 0.100 0.306 10.709
  385   5328.532    26.0 1.556  -1.85  5.544  0.111    80.235     4.381  0.218  0.138 -0.051 -0.072 -0.009 0.164 0.100 0.222 20.312
  386     5332.9    26.0 1.556  -2.78  5.404  0.080    32.394     3.789  0.187  0.125 -0.007 -0.012 -0.007 0.126 0.100 0.180 30.990
  387   5336.786    22.1 1.581   -1.6  3.141  0.086    40.624     4.356  0.203  0.041  0.182 -0.015  0.022 0.188 0.100 0.230 18.900
  388   5339.929    26.0 3.263  -0.63  5.101  0.057    33.585     2.746  0.138  0.090 -0.013 -0.013 -0.003 0.092 0.100 0.147 46.089
  389   5341.024    26.0 1.607  -1.95  5.579  0.109    75.530     4.355  0.196  0.135 -0.042 -0.065 -0.009 0.156 0.100 0.215 21.656
  390   5345.796    24.0 1.003  -0.95  3.422  0.077    33.582     3.694  0.158  0.117 -0.011 -0.011 -0.004 0.118 0.100 0.173 33.471
  391   5348.314    24.0 1.003  -1.21  3.513  0.097    25.958     4.278  0.239  0.113 -0.010 -0.010 -0.007 0.114 0.100 0.180 30.838
  392   5349.465    20.0 2.709  -0.31  4.452  0.090    20.153     3.352  0.164  0.063 -0.005 -0.004 -0.003 0.063 0.100 0.149 45.208
  393   5371.489    26.0 0.957  -1.64  5.551  0.099   117.296     5.266  0.221  0.174 -0.152 -0.081 -0.008 0.245 0.100 0.283 12.530
  394   5381.022    22.1 1.565  -1.97  3.282  0.086    30.334     4.089  0.166  0.043  0.180 -0.009  0.022 0.187 0.100 0.228 19.153
  395   5393.168    26.0 3.241  -0.72  5.404  0.066    45.305     3.291  0.180  0.094 -0.023 -0.020 -0.001 0.099 0.100 0.155 41.454
  397   5397.128    26.0 0.914  -1.98  5.738  0.077   112.167     3.779  0.192  0.172 -0.135 -0.086 -0.012 0.235 0.100 0.267 14.029
  398   5405.775    26.0 0.989  -1.85  5.817  0.089   118.723     4.841  0.219  0.174 -0.157 -0.081 -0.009 0.248 0.100 0.282 12.580
  399   5409.783    24.0 1.029  -0.67  3.346  0.087    42.326     4.349  0.185  0.118 -0.014 -0.020 -0.005 0.121 0.100 0.179 31.138
  401   5418.768    22.1 1.581  -2.13  3.488  0.077    31.727     3.745  0.180  0.041  0.179 -0.010  0.022 0.185 0.100 0.224 19.906
  402   5429.696    26.0 0.957  -1.88  5.792  0.088   117.826     4.700  0.199  0.174 -0.153 -0.082 -0.010 0.246 0.100 0.280 12.779
  403   5434.524    26.0 1.010  -2.13  5.668  0.108    98.089     4.573  0.181  0.160 -0.091 -0.089 -0.015 0.205 0.100 0.252 15.701
  404   5476.564    26.0 4.100  -0.28  5.501  0.083    27.524     3.618  0.231  0.070 -0.003 -0.011 -0.004 0.071 0.100 0.148 45.587
  405   5476.904    28.0 1.825  -0.78  4.288  0.126    73.022     4.927  0.206  0.123 -0.023 -0.065 -0.007 0.141 0.100 0.214 21.830
  407   5497.516    26.0 1.010  -2.83  5.574  0.097    66.424     4.107  0.176  0.142 -0.022 -0.053 -0.012 0.154 0.100 0.207 23.250
  408   5501.465    26.0 0.957  -3.05  5.807  0.102    69.446     4.154  0.207  0.147 -0.025 -0.058 -0.010 0.160 0.100 0.215 21.691
  409   5506.779    26.0 0.989  -2.79  5.889  0.115    81.826     4.532  0.230  0.152 -0.046 -0.075 -0.013 0.176 0.100 0.233 18.437
  410   5528.405    12.0 4.346 -0.498  5.868  0.063    89.583     4.291  0.218  0.075 -0.097 -0.023  0.008 0.125 0.100 0.172 33.787
  411   5534.834    26.1 3.245  -2.75  5.571  0.085    21.842     3.374  0.174  0.007  0.184 -0.007  0.018 0.185 0.100 0.227 19.416
  412   5569.618    26.0 3.414  -0.52  5.584  0.076    55.608     3.783  0.215  0.094 -0.042 -0.029  0.001 0.107 0.100 0.165 36.739
  413   5572.842    26.0 3.394  -0.28  5.253  0.080    52.089     4.004  0.185  0.093 -0.035 -0.026  0.000 0.103 0.100 0.164 37.104
  414   5581.965    20.0 2.523 -0.555  4.617  0.081    24.682     3.426  0.197  0.067 -0.005 -0.006 -0.003 0.068 0.100 0.145 47.346
  415   5586.756    26.0 3.366  -0.11  5.544  0.070    76.007     3.406  0.226  0.107 -0.091 -0.048  0.005 0.149 0.100 0.192 27.056
  417   5588.749    20.0 2.524   0.21  4.709  0.077    65.917     3.658  0.212  0.073 -0.036 -0.037 -0.002 0.089 0.100 0.155 41.792
  418   5590.114    20.0 2.521 -0.571  4.454  0.105    18.148     3.718  0.205  0.065 -0.004 -0.004 -0.004 0.065 0.100 0.159 39.527
  419   5594.462    20.0 2.523  0.097  4.622  0.076    56.310     3.736  0.215  0.071 -0.022 -0.026 -0.001 0.079 0.100 0.148 45.498
  420    5598.48    20.0 2.521 -0.087  4.588  0.074    45.437     3.761  0.225  0.068 -0.014 -0.019 -0.004 0.072 0.100 0.144 48.370
  421   5601.277    20.0 2.526 -0.523  4.586  0.076    24.613     3.194  0.196  0.067 -0.005 -0.006 -0.003 0.068 0.100 0.143 49.174
  422   5615.644    26.0 3.332   0.04  5.332  0.080    74.711     3.884  0.206  0.106 -0.086 -0.048  0.004 0.145 0.100 0.193 26.772
  423   5624.542    26.0 3.414  -0.76  5.598  0.056    44.352     2.834  0.195  0.090 -0.024 -0.019 -0.001 0.095 0.100 0.149 45.096
  425   5658.816    26.0 3.394  -0.76  5.549  0.072    43.013     3.652  0.237  0.091 -0.022 -0.018 -0.001 0.095 0.100 0.156 41.195
  434   5711.088    12.0 4.343 -1.724  5.819  0.081    17.198     2.826  0.182  0.057 -0.001 -0.003 -0.003 0.057 0.100 0.141 50.429
  435   5754.656    28.0 1.934  -2.22  4.339  0.112    11.731     2.879  0.177  0.111  0.006 -0.003 -0.003 0.111 0.100 0.187 28.637
  436   5762.992    26.0 4.209  -0.36  5.250  0.109    12.849     2.977  0.138  0.068  0.000 -0.004 -0.003 0.068 0.100 0.163 37.692
  440   5857.451    20.0 2.930   0.23  4.557  0.064    38.781     3.233  0.212  0.061 -0.018 -0.013 -0.001 0.065 0.100 0.135 54.609
  442   5889.951    11.0 0.000  0.108  4.447  0.031   181.626     3.458  0.265  0.144 -0.224 -0.029  0.013 0.268 0.100 0.288 12.065
  444   5895.924    11.0 0.000 -0.194  4.480  0.041   155.911     3.498  0.239  0.136 -0.189 -0.038  0.006 0.236 0.100 0.260 14.841
  445   5948.545    14.0 5.082 -1.231  6.021  0.093    15.755     2.974  0.214  0.044  0.024 -0.003 -0.001 0.050 0.100 0.146 47.232
  446   6102.723    20.0 1.879 -0.793  4.777  0.054    56.142     2.907  0.228  0.089 -0.044 -0.022  0.001 0.102 0.100 0.153 42.994
  448   6122.217    20.0 1.886 -0.316  4.628  0.057    73.322     3.049  0.228  0.096 -0.079 -0.035  0.004 0.129 0.100 0.173 33.391
  449   6162.173    20.0 1.899  -0.09  4.759  0.057    92.091     3.271  0.247  0.107 -0.130 -0.043  0.008 0.174 0.100 0.209 22.982
  450   6169.042    20.0 2.523 -0.797  4.630  0.074    17.110     2.464  0.179  0.068 -0.009 -0.004 -0.002 0.069 0.100 0.142 49.500
  451   6169.563    20.0 2.526 -0.478  4.449  0.061    21.817     2.404  0.205  0.068 -0.012 -0.005 -0.002 0.069 0.100 0.136 53.999
  453    6219.28    26.0 2.196  -2.45  5.420  0.067    19.986     2.456  0.182  0.112 -0.004 -0.007 -0.004 0.112 0.100 0.165 36.880
  455   6246.319    26.0 3.600  -0.77  5.526  0.054    31.851     2.507  0.229  0.085 -0.013 -0.011 -0.001 0.087 0.100 0.143 48.940
  457   6265.134    26.0 2.174  -2.54  5.508  0.048    20.843     1.810  0.179  0.112 -0.004 -0.006 -0.005 0.112 0.100 0.158 40.119
  459   6301.501    26.0 3.651  -0.71  5.391  0.066    25.912     2.774  0.210  0.082 -0.002 -0.009 -0.002 0.083 0.100 0.145 47.237
  460    6335.33    26.0 2.196  -2.18  5.611  0.069    40.429     3.456  0.238  0.116 -0.007 -0.016 -0.003 0.117 0.100 0.169 35.048
  461   6336.824    26.0 3.684  -0.85  5.514  0.074    24.139     3.084  0.232  0.082 -0.009 -0.008 -0.002 0.083 0.100 0.149 44.743
  463   6400.001    26.0 3.603  -0.27  5.473  0.051    54.164     2.591  0.255  0.092 -0.041 -0.027  0.002 0.104 0.100 0.153 42.589
  464   6408.018    26.0 3.684  -0.99  5.546  0.077    19.996     2.825  0.249  0.081 -0.002 -0.007 -0.004 0.081 0.100 0.150 44.326
  465   6411.649    26.0 3.651  -0.59  5.398  0.058    31.995     2.752  0.263  0.084 -0.014 -0.011 -0.001 0.086 0.100 0.144 48.218
  466   6430.846    26.0 2.174  -1.95  5.517  0.050    48.597     2.526  0.232  0.117 -0.011 -0.024 -0.004 0.120 0.100 0.164 37.171
  468   6439.075    20.0 2.524   0.47  4.542  0.052    71.798     2.470  0.227  0.078 -0.046 -0.041  0.001 0.099 0.100 0.150 44.273
  469   6449.808    20.0 2.521 -0.502  4.707  0.057    32.135     2.696  0.222  0.068 -0.009 -0.011 -0.003 0.070 0.100 0.134 55.294
  470   6456.381    26.1 3.903  -2.05  5.484  0.079    19.864     2.882  0.243 -0.006  0.188 -0.006  0.019 0.189 0.100 0.228 19.224
  471    6499.65    20.0 2.523 -0.818  4.571  0.075    14.942     2.265  0.189  0.066 -0.006 -0.005 -0.004 0.067 0.100 0.142 49.853
  472   6516.077    26.1 2.891  -3.37  5.693  0.084    18.830     2.912  0.229  0.014  0.188 -0.005  0.022 0.190 0.100 0.230 18.830
  476   6717.681    20.0 2.709 -0.524  4.632  0.056    20.402     2.102  0.209  0.065 -0.012 -0.005 -0.001 0.066 0.100 0.132 57.039
  485     5526.0    21.1   nan    nan  1.120  0.104 -9999.000 -9999.000  0.195  0.029  0.181 -0.003  0.023 0.184 0.200 0.291 11.792
  486     5030.0    21.1   nan    nan  1.284  0.204 -9999.000 -9999.000 -0.163  0.015  0.163 -0.009  0.010 0.165 0.200 0.330  9.191
  487     4669.0    21.1   nan    nan  1.187  0.092 -9999.000 -9999.000  0.193  0.013  0.180 -0.003  0.022 0.182 0.200 0.285 12.287
  488     4415.0    21.1   nan    nan  1.107  0.089 -9999.000 -9999.000  0.126  0.049  0.149 -0.022  0.016 0.159 0.200 0.271 13.650
  489     4399.0    21.1   nan    nan  1.182  0.087 -9999.000 -9999.000  0.133  0.035  0.178 -0.033  0.008 0.185 0.200 0.286 12.238
  490     4824.0    25.0   nan    nan  2.920  0.072 -9999.000 -9999.000  0.121  0.099 -0.009 -0.006 -0.005 0.100 0.200 0.235 18.162
  491     4782.0    25.0   nan    nan  3.009  0.076 -9999.000 -9999.000  0.154  0.080 -0.011 -0.002 -0.004 0.081 0.200 0.229 19.096
  492     4766.0    25.0   nan    nan  2.995  0.088 -9999.000 -9999.000  0.133  0.053 -0.059 -0.007 -0.007 0.080 0.200 0.233 18.474
  493     4762.0    25.0   nan    nan  2.990  0.217 -9999.000 -9999.000  0.136  0.050 -0.056 -0.012 -0.012 0.077 0.200 0.305 10.765
  494     4753.0    25.0   nan    nan  2.988  0.080 -9999.000 -9999.000  0.171  0.080 -0.008 -0.005 -0.005 0.081 0.200 0.230 18.876
  495     4310.0   106.0   nan    nan  6.536  0.014 -9999.000 -9999.000  0.126  0.219 -0.153 -0.001  0.079 0.278 0.100 0.296 11.408
  496     4323.0   106.0   nan    nan  6.522  0.021 -9999.000 -9999.000  0.134  0.188 -0.131  0.003  0.073 0.241 0.100 0.261 14.630
  497     4246.0    21.1   nan    nan  1.488  0.122 -9999.000 -9999.000  0.116 -0.082  0.281 -0.130 -0.052 0.325 0.200 0.400  6.241
  498     4313.0    21.1   nan    nan  0.937  0.131 -9999.000 -9999.000  0.126 -0.023  0.252 -0.036 -0.015 0.256 0.200 0.351  8.133
  499     4324.0    21.1   nan    nan  1.253  0.092 -9999.000 -9999.000  0.137  0.026  0.223 -0.054  0.003 0.231 0.200 0.319  9.835
  500     4040.0    25.0   nan    nan  2.864  0.141 -9999.000 -9999.000  0.130  0.078  0.008  0.008  0.003 0.079 0.200 0.257 15.137
  502     3962.0    13.0   nan    nan  3.771  0.142 -9999.000 -9999.000  0.126  0.180 -0.196 -0.058  0.009 0.273 0.300 0.430  5.417
  504     3906.0    14.0   nan    nan  5.713  0.086 -9999.000 -9999.000  0.131  0.239 -0.311 -0.016  0.062 0.398 0.100 0.419  5.689
  505     4384.0    23.0   nan    nan  1.747  0.078 -9999.000 -9999.000  0.120  0.076  0.085 -0.001 -0.032 0.118 0.100 0.173 33.303
  506     4379.0    23.0   nan    nan  1.833  0.076 -9999.000 -9999.000  0.120  0.058  0.058  0.000 -0.033 0.088 0.100 0.154 42.358
  507     4006.0    23.1   nan    nan  1.934  0.091 -9999.000 -9999.000  0.126 -0.000  0.188  0.003  0.008 0.188 0.100 0.232 18.658
  508     3952.0    23.1   nan    nan  2.084  0.124 -9999.000 -9999.000  0.122  0.003  0.173 -0.002  0.016 0.174 0.100 0.235 18.036
  510     4020.0    27.0   nan    nan  3.101  0.152 -9999.000 -9999.000  0.152  0.108  0.011  0.011  0.011 0.110 0.100 0.212 22.199
  511     4110.0    27.0   nan    nan  2.961  0.232 -9999.000 -9999.000  0.126  0.092 -0.012 -0.008 -0.008 0.094 0.100 0.269 13.807
  512     4119.0    27.0   nan    nan  2.939  0.083 -9999.000 -9999.000  0.120  0.122 -0.007 -0.025 -0.025 0.127 0.100 0.182 30.192
  513     4121.0    27.0   nan    nan  2.933  0.084 -9999.000 -9999.000  0.121  0.125 -0.003 -0.025 -0.025 0.130 0.100 0.184 29.546
  515     4078.0    38.1   nan    nan  0.805  0.126 -9999.000 -9999.000  0.139  0.105  0.020 -0.035 -0.002 0.113 0.100 0.196 25.909
  516     4215.0    38.1   nan    nan  1.153  0.069 -9999.000 -9999.000  0.128  0.141  0.001 -0.054  0.062 0.163 0.100 0.203 24.203
  517     4900.0    39.1   nan    nan  0.410  0.145 -9999.000 -9999.000  0.173  0.044  0.185 -0.003  0.032 0.193 0.100 0.261 14.683
  518     4884.0    39.1   nan    nan  0.172  0.093 -9999.000 -9999.000  0.157  0.021  0.177 -0.011  0.024 0.180 0.100 0.226 19.507
  519     4397.0    39.1   nan    nan  0.147  0.083 -9999.000 -9999.000  0.135  0.046  0.166 -0.002  0.009 0.173 0.100 0.216 21.346
  520     4208.0    40.1   nan    nan  0.845  0.064 -9999.000 -9999.000  0.111  0.039  0.196 -0.007  0.014 0.200 0.100 0.233 18.457
  521     4554.0    56.1   nan    nan  0.221  0.094 -9999.000 -9999.000  0.123  0.089  0.093 -0.108  0.005 0.169 0.200 0.278 12.940
  523     5854.0    56.1   nan    nan  0.390  0.134 -9999.000 -9999.000  0.225  0.056  0.171 -0.021  0.036 0.185 0.200 0.304 10.855
  524     6142.0    56.1   nan    nan  0.256  0.103 -9999.000 -9999.000  0.212  0.068  0.138 -0.070  0.025 0.171 0.200 0.283 12.514
  525     6496.0    56.1   nan    nan  0.387  0.091 -9999.000 -9999.000  0.225  0.058  0.148 -0.059  0.023 0.171 0.200 0.279 12.876
  526     4086.0    57.1   nan    nan -0.878  0.127 -9999.000 -9999.000  0.133  0.020  0.180 -0.003  0.018 0.182 0.100 0.243 16.875
  527     4122.0    57.1   nan    nan -0.646  0.123 -9999.000 -9999.000  0.125  0.022  0.174  0.002  0.019 0.176 0.100 0.237 17.852
  528     4334.0    57.1   nan    nan -0.807  0.117 -9999.000 -9999.000  0.127  0.047  0.164 -0.004  0.015 0.171 0.100 0.230 18.924
  532     4078.0    66.1   nan    nan -0.064  0.112 -9999.000 -9999.000  0.171  0.043  0.153 -0.019  0.027 0.162 0.100 0.221 20.535
  533     4102.0    66.1   nan    nan -0.008  0.144 -9999.000 -9999.000  0.141  0.002  0.209 -0.004  0.007 0.209 0.100 0.273 13.437
  534     4129.0    63.1   nan    nan -0.906  0.121 -9999.000 -9999.000  0.141  0.042  0.171 -0.012  0.008 0.176 0.100 0.236 17.936
  535     4205.0    63.1   nan    nan -0.926  0.052 -9999.000 -9999.000  0.113  0.054  0.192 -0.001  0.017 0.201 0.100 0.230 18.912
  539     3877.0   607.0   nan    nan  6.176  0.079 -9999.000 -9999.000  0.141  0.219 -0.034  0.005  0.064 0.231 0.300 0.387  6.690
  484     6300.0     8.0   nan    nan  8.516    nan       nan       nan    nan    nan    nan    nan    nan   nan   nan   nan    nan
