index wavelength species expot  loggf logeps e_stat       eqw     e_eqw   fwhm e_Teff e_logg   e_vt   e_MH  e_sp e_sys e_tot weight
----- ---------- ------- ----- ------ ------ ------ --------- --------- ------ ------ ------ ------ ------ ----- ----- ----- ------
   24   3858.297    28.0 0.422  -0.96  4.120  0.118   140.071     7.776  0.179  0.178 -0.154 -0.071  0.005 0.246 0.100 0.291 11.850
   29   3900.539    22.1 1.130  -0.29  3.507  0.169   137.918     8.547  0.176  0.039  0.027 -0.100  0.042 0.118 0.100 0.229 19.020
   31   3904.783    22.0 0.899   0.15  3.401  0.128    69.980     5.375  0.166  0.142 -0.033 -0.047 -0.014 0.154 0.100 0.224 19.983
   34   3917.181    26.0 0.989  -2.15  5.520  0.115   109.278     4.995  0.144  0.171 -0.081 -0.090 -0.023 0.211 0.100 0.260 14.780
   35    3924.53    22.0 0.021  -0.87  3.136  0.099    57.950     4.849  0.108  0.163 -0.029 -0.032 -0.012 0.169 0.100 0.220 20.670
   40   3948.097    26.0 3.241  -0.59  5.320  0.114    60.988     4.927  0.113  0.105 -0.020 -0.036 -0.008 0.113 0.100 0.189 27.947
   41   3949.953    26.0 2.174  -1.25  5.558  0.140    91.149     4.871  0.151  0.141 -0.046 -0.096 -0.023 0.178 0.100 0.248 16.302
   43   3958.205    22.0 0.048  -0.11  3.230  0.125    92.390     4.563  0.139  0.173 -0.054 -0.081 -0.028 0.200 0.100 0.257 15.194
   45   3977.741    26.0 2.196  -1.12  5.351  0.158    87.964     5.495  0.164  0.140 -0.041 -0.089 -0.026 0.173 0.100 0.255 15.422
   48   3987.606    22.1 0.607  -2.73  3.477  0.131    68.592     5.756  0.134  0.028  0.183 -0.049  0.037 0.195 0.100 0.255 15.336
   49   3989.758    22.0 0.021  -0.13  3.643  0.134   109.373     5.445  0.169  0.178 -0.094 -0.091 -0.028 0.223 0.100 0.278 12.896
   50   3998.636    22.0 0.048   0.02  2.872  0.113    84.646     4.223  0.128  0.171 -0.046 -0.066 -0.024 0.190 0.100 0.243 16.932
   51   4001.661    26.0 2.174   -1.9  5.630  0.081    70.567     3.311  0.134  0.134 -0.024 -0.052 -0.014 0.146 0.100 0.195 26.320
   53   4008.927    22.0 0.021   -1.0  3.468  0.082    68.534     3.643  0.146  0.166 -0.033 -0.041 -0.017 0.175 0.100 0.218 21.124
   55   4025.129    22.1 0.607  -2.11  3.655  0.145   100.156     5.106  0.163  0.033  0.163 -0.097  0.031 0.195 0.100 0.263 14.481
   56   4028.338    22.1 1.890  -0.92  3.391  0.125    79.430     4.680  0.147  0.006  0.181 -0.060  0.031 0.193 0.100 0.251 15.877
   57   4030.185    26.0 2.196  -2.31  5.537  0.059    46.124     3.086  0.130  0.128 -0.011 -0.017 -0.005 0.130 0.100 0.174 33.002
   58   4032.627    26.0 1.484  -2.38  5.667  0.118    85.712     4.528  0.150  0.158 -0.045 -0.072 -0.020 0.180 0.100 0.238 17.700
   59   4053.821    22.1 1.891  -1.07  3.207  0.076    65.143     3.442  0.149  0.003  0.182 -0.038  0.033 0.189 0.100 0.227 19.439
   60   4056.187    22.1 0.607  -3.28  3.486  0.060    41.568     3.336  0.135  0.022  0.185 -0.016  0.040 0.191 0.100 0.224 19.934
   62   4063.276    26.0 3.368  -0.81  5.620  0.100    58.940     4.625  0.156  0.102 -0.018 -0.031 -0.005 0.108 0.100 0.178 31.531
   63   4067.978    26.0 3.209  -0.53  5.354  0.075    68.573     3.323  0.128  0.110 -0.037 -0.042 -0.006 0.124 0.100 0.176 32.368
   64   4070.771    26.0 3.239  -0.87  5.399  0.067    52.574     3.413  0.107  0.104 -0.020 -0.023 -0.006 0.109 0.100 0.162 38.065
   65   4073.762    26.0 3.263  -0.97  5.533  0.064    52.957     3.237  0.130  0.103 -0.020 -0.023 -0.004 0.107 0.100 0.160 38.985
   68   4080.209    26.0 3.281  -1.18  5.463  0.076    37.466     3.849  0.111  0.099 -0.010 -0.012 -0.002 0.100 0.100 0.161 38.721
   70   4098.176    26.0 3.239  -0.97  5.561  0.065    55.956     3.195  0.131  0.105 -0.021 -0.026 -0.004 0.110 0.100 0.162 37.902
   71   4102.936    14.0 1.909 -3.336  6.244  0.097   107.450     4.679  0.177  0.130 -0.032 -0.057 -0.008 0.146 0.100 0.202 24.602
   75   4120.206    26.0 2.988  -1.23  5.544  0.061    55.988     3.045  0.133  0.110 -0.017 -0.028 -0.007 0.115 0.100 0.164 37.114
   76   4121.802    26.0 2.829  -1.28  5.623  0.094    65.720     4.102  0.155  0.117 -0.021 -0.043 -0.011 0.127 0.100 0.187 28.623
   78   4133.856    26.0 3.366  -1.13  5.818  0.068    53.689     3.459  0.133  0.101 -0.021 -0.025 -0.007 0.106 0.100 0.161 38.549
   79   4139.927    26.0 0.989  -3.51  5.578  0.053    59.149     2.574  0.128  0.162 -0.021 -0.031 -0.012 0.167 0.100 0.201 24.631
   82   4147.669    26.0 1.484  -2.07  5.382  0.085    87.602     3.235  0.142  0.160 -0.044 -0.076 -0.023 0.184 0.100 0.226 19.582
   83   4150.249    26.0 3.428  -1.19  5.788  0.081    45.648     4.152  0.211  0.098 -0.015 -0.016 -0.002 0.100 0.100 0.163 37.522
   85     4153.9    26.0 3.397  -0.28  5.500  0.095    77.722     4.156  0.158  0.110 -0.057 -0.051 -0.007 0.134 0.100 0.192 27.009
   86   4158.792    26.0 3.428   -0.7  5.520  0.067    57.120     3.352  0.142  0.100 -0.025 -0.028 -0.006 0.107 0.100 0.161 38.558
   87   4161.529    22.1 1.083  -2.09  3.487  0.072    74.676     3.155  0.145  0.019  0.180 -0.049  0.035 0.191 0.100 0.227 19.390
   91   4174.913    26.0 0.914  -2.94  5.686  0.092    91.265     3.415  0.134  0.178 -0.046 -0.086 -0.033 0.206 0.100 0.246 16.461
   92   4178.855    26.1 2.583  -2.51  5.458  0.066    69.998     2.942  0.135 -0.012  0.191 -0.048  0.032 0.200 0.100 0.233 18.413
   93   4184.312    22.1 1.079  -2.49  3.504  0.060    56.940     2.858  0.129  0.017  0.191 -0.024  0.038 0.197 0.100 0.229 19.087
   94   4187.039    26.0 2.450  -0.56  5.562  0.074   116.915     4.155  0.157  0.142 -0.152 -0.067 -0.001 0.219 0.100 0.251 15.814
   95   4199.095    26.0 3.045   0.17  5.299  0.084   101.156     3.274  0.165  0.127 -0.073 -0.089 -0.019 0.172 0.100 0.216 21.369
   97   4216.184    26.0 0.000  -3.36  5.713  0.103   117.007     3.981  0.157  0.209 -0.088 -0.109 -0.042 0.255 0.100 0.293 11.671
   98   4233.163    26.1 2.583  -2.02  5.665  0.075   100.251     3.262  0.173 -0.006  0.162 -0.075  0.029 0.181 0.100 0.220 20.673
   99   4233.603    26.0 2.482   -0.6  5.455  0.071   108.289     3.530  0.157  0.142 -0.128 -0.070 -0.006 0.204 0.100 0.238 17.691
  100   4250.787    26.0 1.556  -0.71  5.378  0.059   148.266     4.292  0.181  0.165 -0.172 -0.063  0.000 0.247 0.100 0.273 13.466
  101   4282.403    26.0 2.174  -0.78  5.699  0.102   118.575     4.271  0.173  0.153 -0.099 -0.100 -0.024 0.209 0.100 0.253 15.579
  103   4287.403    22.0 0.835  -0.37  3.378  0.058    50.666     2.930  0.158  0.146 -0.024 -0.018 -0.009 0.149 0.100 0.189 28.041
  105   4291.463    26.0 0.052  -4.08  5.857  0.086    95.008     3.229  0.150  0.204 -0.050 -0.088 -0.042 0.232 0.100 0.266 14.080
  106   4295.749    22.0 0.812  -0.42  3.154  0.053    37.137     2.661  0.128  0.143 -0.022 -0.008 -0.007 0.145 0.100 0.184 29.537
  111   4316.794    22.1 2.046  -1.62  3.495  0.047    44.397     2.629  0.151 -0.003  0.185 -0.019  0.032 0.189 0.100 0.219 20.908
  112   4318.652    20.0 1.899  -0.21  4.599  0.068    86.818     2.952  0.152  0.108 -0.065 -0.056 -0.014 0.139 0.100 0.184 29.546
  115   4326.753    26.0 2.947  -1.81  5.652  0.082    35.402     4.062  0.177  0.108 -0.007 -0.011 -0.003 0.109 0.100 0.169 35.004
  116   4330.238    22.1 2.046  -1.64  3.313  0.088    34.009     4.548  0.151 -0.001  0.189 -0.010  0.034 0.192 0.100 0.234 18.274
  117   4330.698    22.1 1.179  -2.09  3.366  0.063    65.390     2.985  0.135  0.016  0.186 -0.033  0.040 0.194 0.100 0.227 19.413
  118   4331.642    28.0 1.675  -2.27  4.458  0.049    40.061     2.641  0.150  0.130  0.001 -0.016 -0.003 0.131 0.100 0.172 33.820
  119   4337.046    26.0 1.556   -1.7  5.739  0.077   116.350     3.482  0.181  0.168 -0.096 -0.088 -0.024 0.214 0.100 0.248 16.210
  120   4344.502    24.0 1.003  -0.65  3.606  0.075    77.529     3.144  0.150  0.147 -0.035 -0.056 -0.019 0.162 0.100 0.205 23.834
  121   4350.838    22.1 2.060   -1.7  3.543  0.056    42.137     3.029  0.158 -0.002  0.187 -0.011  0.033 0.190 0.100 0.222 20.276
  123   4358.501    26.0 2.947  -1.57  5.655  0.052    48.221     2.742  0.158  0.111 -0.013 -0.022 -0.005 0.114 0.100 0.160 38.904
  124   4367.903    26.0 1.607  -2.88  5.788  0.053    67.009     2.524  0.154  0.151 -0.021 -0.041 -0.014 0.158 0.100 0.195 26.365
  125    4375.93    26.0 0.000   -3.0  5.482  0.081   125.003     3.354  0.163  0.210 -0.106 -0.110 -0.045 0.264 0.100 0.293 11.625
  127   4389.245    26.0 0.052  -4.55  5.791  0.065    74.335     2.885  0.141  0.197 -0.025 -0.050 -0.034 0.208 0.100 0.239 17.447
  128   4394.059    22.1 1.220  -1.77  3.499  0.069    84.468     2.671  0.151  0.022  0.185 -0.058  0.035 0.198 0.100 0.233 18.498
  130   4395.839    22.1 1.242  -1.93  3.325  0.049    68.091     2.367  0.123  0.011  0.185 -0.037  0.038 0.193 0.100 0.223 20.177
  131   4399.765    22.1 1.236   -1.2  3.809  0.071   118.063     2.768  0.174  0.027  0.131 -0.103  0.029 0.171 0.100 0.211 22.532
  135   4409.518    22.1 1.230  -2.53  3.472  0.044    45.052     2.364  0.135  0.013  0.192 -0.015  0.039 0.197 0.100 0.225 19.718
  136   4411.073    22.1 3.092  -0.65  3.445  0.055    31.937     2.675  0.174 -0.018  0.191 -0.009  0.026 0.194 0.100 0.225 19.768
  137    4411.93    22.1 1.223  -2.62  3.471  0.045    40.499     2.461  0.146  0.014  0.188 -0.012  0.039 0.193 0.100 0.222 20.312
  139   4416.818    26.1 2.778  -2.57  5.665  0.069    68.355     3.175  0.164 -0.017  0.193 -0.040  0.033 0.201 0.100 0.234 18.185
  140   4418.331    22.1 1.236  -1.99  3.550  0.065    76.390     2.961  0.148  0.019  0.183 -0.047  0.038 0.194 0.100 0.227 19.332
  141   4421.938    22.1 2.060  -1.64  3.405  0.056    38.359     2.981  0.177 -0.002  0.192 -0.011  0.034 0.195 0.100 0.226 19.500
  143   4425.437    20.0 1.879 -0.358  4.731  0.052    89.774     2.483  0.156  0.111 -0.087 -0.051 -0.009 0.150 0.100 0.188 28.347
  145    4427.31    26.0 0.052  -2.92  5.742  0.097   136.679     4.345  0.188  0.215 -0.127 -0.111 -0.038 0.276 0.100 0.309 10.468
  146   4432.096    22.1 1.236  -3.08  3.459  0.071    18.265     2.572  0.115  0.012  0.188 -0.004  0.038 0.192 0.100 0.228 19.234
  147   4434.957    20.0 1.886 -0.007  4.813  0.073   110.835     3.916  0.170  0.118 -0.142 -0.058 -0.003 0.194 0.100 0.230 18.943
  151   4442.339    26.0 2.196  -1.23  5.657  0.072   106.642     3.622  0.168  0.147 -0.074 -0.070 -0.019 0.180 0.100 0.218 21.039
  152   4443.801    22.1 1.079  -0.71  3.479  0.076   132.714     3.271  0.186  0.034  0.094 -0.106  0.032 0.149 0.100 0.195 26.296
  153   4444.554    22.1 1.115   -2.2  3.376  0.050    64.891     2.555  0.145  0.017  0.186 -0.033  0.039 0.194 0.100 0.224 20.002
  154   4447.717    26.0 2.221  -1.36  5.740  0.074   103.109     3.582  0.169  0.147 -0.069 -0.069 -0.019 0.177 0.100 0.217 21.291
  156   4450.482    22.1 1.083  -1.52  3.591  0.092   105.002     3.614  0.179  0.027  0.163 -0.091  0.025 0.190 0.100 0.234 18.292
  157   4450.894    22.0 1.878   0.32  3.180  0.066    17.740     2.315  0.144  0.111 -0.017 -0.003 -0.004 0.112 0.100 0.164 37.048
  158   4453.313    22.0 1.429  -0.03  3.281  0.045    28.289     2.016  0.123  0.124 -0.019 -0.006 -0.006 0.126 0.100 0.167 35.926
  159   4453.699    22.0 1.872    0.1  3.156  0.086    11.099     2.117  0.141  0.110 -0.019 -0.004 -0.004 0.112 0.100 0.173 33.456
  160   4454.779    20.0 1.899  0.258  4.764  0.054   122.279     3.268  0.184  0.120 -0.172 -0.056  0.002 0.217 0.100 0.245 16.655
  161   4455.317    22.0 1.442    0.1  3.322  0.042    35.941     2.255  0.139  0.124 -0.023 -0.012 -0.007 0.127 0.100 0.167 35.890
  162   4455.887    20.0 1.899 -0.518  4.694  0.052    79.435     2.501  0.156  0.107 -0.063 -0.041 -0.009 0.131 0.100 0.173 33.462
  163   4457.427    22.0 1.459   0.26  3.491  0.042    52.876     2.305  0.172  0.127 -0.026 -0.020 -0.009 0.131 0.100 0.170 34.422
  165   4461.653    26.0 0.087  -3.19  5.646  0.073   121.464     2.990  0.172  0.212 -0.089 -0.106 -0.046 0.257 0.100 0.286 12.263
  167   4468.493    22.1 1.130  -0.63  3.758  0.074   146.882     3.909  0.208  0.040  0.046 -0.100  0.039 0.123 0.100 0.175 32.558
  168   4469.151    22.1 1.083  -2.55  3.655  0.054    63.312     2.811  0.164  0.012  0.187 -0.036  0.034 0.194 0.100 0.225 19.809
  169   4470.477    28.0 3.396   -0.3  4.382  0.066    37.262     3.311  0.186  0.090  0.004 -0.011  0.000 0.091 0.100 0.150 44.260
  170   4471.237    22.0 1.732  -0.15  3.656  0.055    24.280     2.398  0.148  0.115 -0.020 -0.005 -0.004 0.117 0.100 0.163 37.464
  173    4484.22    26.0 3.600  -0.64  5.441  0.042    47.721     2.275  0.147  0.096 -0.015 -0.018 -0.003 0.099 0.100 0.147 46.427
  174   4488.324    22.1 3.121   -0.5  3.307  0.038    31.043     1.835  0.138 -0.021  0.186 -0.011  0.024 0.189 0.100 0.217 21.196
  175   4489.739    26.0 0.121   -3.9  5.982  0.080   105.680     3.070  0.165  0.208 -0.055 -0.099 -0.051 0.242 0.100 0.274 13.317
  176     4491.4    26.1 2.856  -2.71  5.498  0.036    48.818     1.895  0.143 -0.020  0.197 -0.021  0.032 0.202 0.100 0.228 19.242
  177   4493.522    22.1 1.079  -2.78  3.307  0.055    32.487     2.830  0.142  0.015  0.188 -0.009  0.040 0.193 0.100 0.224 19.890
  178   4494.563    26.0 2.196  -1.14  5.510  0.062   104.536     2.996  0.176  0.148 -0.068 -0.069 -0.020 0.178 0.100 0.213 21.962
  180    4501.27    22.1 1.115  -0.77  3.603  0.086   134.727     3.766  0.176  0.034  0.091 -0.105  0.032 0.147 0.100 0.197 25.718
  181   4508.281    26.1 2.856  -2.42  5.637  0.054    70.460     2.426  0.155 -0.017  0.193 -0.042  0.034 0.201 0.100 0.231 18.735
  182   4512.734    22.0 0.835   -0.4  3.248  0.035    42.975     1.997  0.141  0.141 -0.026 -0.014 -0.009 0.144 0.100 0.179 31.192
  183   4515.334    26.1 2.844   -2.6  5.806  0.057    70.393     2.647  0.164 -0.017  0.193 -0.043  0.034 0.201 0.100 0.232 18.590
  184   4518.022    22.0 0.825  -0.25  3.208  0.036    49.814     2.059  0.146  0.142 -0.025 -0.018 -0.010 0.146 0.100 0.180 30.760
  185   4518.332    22.1 1.079  -2.56  3.596  0.049    60.533     2.313  0.170  0.017  0.192 -0.026  0.040 0.199 0.100 0.228 19.293
  186   4520.221    26.1 2.807  -2.65  5.658  0.054    62.976     2.602  0.170 -0.018  0.195 -0.037  0.034 0.202 0.100 0.232 18.590
  188   4527.304    22.0 0.812  -0.45  3.352  0.045    47.732     2.529  0.156  0.144 -0.023 -0.014 -0.009 0.147 0.100 0.183 29.790
  190    4529.48    22.1 1.571  -1.75  3.766  0.062    80.245     2.779  0.175  0.014  0.185 -0.052  0.035 0.196 0.100 0.228 19.159
  191   4531.148    26.0 1.484   -2.1  5.740  0.072   105.790     3.075  0.177  0.171 -0.064 -0.084 -0.030 0.203 0.100 0.238 17.706
  192   4533.239    22.0 0.848   0.54  3.033  0.065    79.829     2.950  0.155  0.154 -0.042 -0.051 -0.021 0.169 0.100 0.207 23.393
  193   4534.776    22.0 0.835   0.35  3.033  0.067    71.508     3.146  0.150  0.151 -0.035 -0.041 -0.017 0.161 0.100 0.201 24.700
  194   4535.569    22.0 0.825   0.14  3.284  0.056    73.771     2.621  0.175  0.151 -0.037 -0.045 -0.020 0.163 0.100 0.199 25.169
  195   4544.687    22.0 0.818  -0.45  3.300  0.040    44.432     2.321  0.154  0.143 -0.025 -0.013 -0.008 0.146 0.100 0.181 30.388
  196   4545.133    22.1 1.130  -2.45  3.655  0.070    66.221     3.471  0.168  0.019  0.187 -0.033  0.040 0.195 0.100 0.230 18.896
  197   4547.847    26.0 3.544  -0.82  5.621  0.052    50.916     2.736  0.159  0.098 -0.013 -0.022 -0.010 0.102 0.100 0.152 43.361
  198   4548.764    22.0 0.825  -0.28  3.256  0.047    51.014     2.597  0.160  0.141 -0.027 -0.021 -0.013 0.146 0.100 0.183 29.913
  199   4555.483    22.0 0.848   -0.4  3.255  0.048    42.728     2.697  0.151  0.142 -0.025 -0.016 -0.011 0.145 0.100 0.183 29.877
  200   4555.888    26.1 2.828   -2.4  5.728  0.072    77.026     3.220  0.175 -0.016  0.189 -0.052  0.033 0.199 0.100 0.234 18.197
  201   4558.644    24.1 4.070  -0.43  3.742  0.049    47.881     2.469  0.154 -0.035  0.189 -0.020  0.024 0.195 0.100 0.224 19.871
  202   4571.096    12.0 0.000 -5.623  6.230  0.072   107.581     3.354  0.169  0.196 -0.037 -0.066 -0.049 0.216 0.100 0.248 16.200
  203   4571.971    22.1 1.571  -0.31  3.691  0.100   136.858     4.658  0.196  0.027  0.078 -0.101  0.033 0.135 0.100 0.195 26.244
  204   4576.328    26.1 2.844  -2.95  5.740  0.047    50.346     2.553  0.163 -0.020  0.198 -0.020  0.032 0.203 0.100 0.231 18.784
  205   4580.048    24.0 0.941  -1.66  3.869  0.050    45.840     2.832  0.175  0.137 -0.025 -0.019 -0.009 0.141 0.100 0.180 30.924
  206   4582.835    26.1 2.844  -3.18  5.671  0.042    34.559     2.139  0.156 -0.019  0.198 -0.010  0.031 0.202 0.100 0.229 19.087
  207   4583.409    22.1 1.164  -2.84  3.598  0.036    39.984     1.980  0.162  0.014  0.189 -0.012  0.040 0.194 0.100 0.221 20.426
  208   4583.829    26.1 2.807  -1.94  5.672  0.056    96.597     2.519  0.183 -0.011  0.172 -0.069  0.031 0.188 0.100 0.220 20.591
  209   4588.198    24.1 4.068  -0.65  3.740  0.047    36.941     2.350  0.152 -0.035  0.190 -0.012  0.021 0.195 0.100 0.224 19.952
  210   4591.391    24.0 0.968  -1.74  3.694  0.049    30.851     2.461  0.160  0.134 -0.023 -0.008 -0.007 0.136 0.100 0.176 32.258
  211   4592.053    24.1 4.070   -1.3  3.696  0.076    11.351     1.845  0.108 -0.031  0.189 -0.001  0.017 0.192 0.100 0.230 18.958
  213   4600.749    24.0 1.003  -1.25  3.498  0.040    44.144     2.246  0.140  0.137 -0.024 -0.017 -0.008 0.140 0.100 0.177 31.950
  214     4602.0    26.0 1.607  -3.13  5.684  0.060    50.348     3.306  0.164  0.144 -0.016 -0.023 -0.012 0.147 0.100 0.188 28.356
  215   4602.941    26.0 1.484  -2.21  5.614  0.075    95.303     2.963  0.166  0.170 -0.042 -0.086 -0.036 0.198 0.100 0.234 18.188
  216   4604.988    28.0 3.477  -0.24  4.186  0.060    26.729     2.716  0.185  0.085  0.005 -0.007  0.000 0.085 0.100 0.145 47.847
  217   4607.331    38.0 0.000  0.283  0.571  0.098     7.700     1.768  0.092  0.127 -0.022 -0.004 -0.007 0.129 0.100 0.190 27.561
  218   4607.647    26.0 3.263  -1.33  5.650  0.045    42.780     2.477  0.147  0.105 -0.011 -0.014 -0.003 0.107 0.100 0.153 42.777
  219   4609.265    22.1 1.179  -3.32  3.496  0.070    14.472     2.012  0.144  0.017  0.191 -0.002  0.041 0.196 0.100 0.231 18.742
  220   4616.124    24.0 0.982  -1.19  3.647  0.046    56.953     2.438  0.152  0.137 -0.026 -0.029 -0.015 0.143 0.100 0.181 30.649
  221   4617.269    22.0 1.748   0.44  3.185  0.049    29.350     2.385  0.152  0.117 -0.019 -0.007 -0.006 0.119 0.100 0.163 37.683
  222   4619.288    26.0 3.600  -1.06  5.513  0.038    30.259     1.836  0.129  0.093 -0.009 -0.008 -0.002 0.094 0.100 0.142 49.400
  223   4620.513    26.1 2.828  -3.21  5.716  0.053    36.349     2.726  0.186 -0.019  0.198 -0.011  0.031 0.202 0.100 0.231 18.707
  224   4623.097    22.0 1.738   0.16  3.347  0.054    24.560     2.393  0.190  0.117 -0.018 -0.006 -0.005 0.119 0.100 0.164 37.049
  225   4625.045    26.0 3.239  -1.27  5.589  0.044    44.509     2.389  0.146  0.105 -0.016 -0.015 -0.003 0.107 0.100 0.153 42.640
  226   4626.173    24.0 0.968  -1.33  3.714  0.046    54.187     2.205  0.145  0.142 -0.021 -0.021 -0.009 0.145 0.100 0.182 30.081
  227   4629.332    26.1 2.807  -2.26  5.473  0.049    73.309     2.295  0.166 -0.017  0.192 -0.045  0.034 0.201 0.100 0.230 18.962
  228    4630.12    26.0 2.277  -2.58  5.780  0.042    43.554     2.352  0.149  0.128 -0.015 -0.016 -0.008 0.130 0.100 0.169 34.850
  229   4632.912    26.0 1.607   -2.9  5.762  0.050    66.923     2.352  0.156  0.155 -0.019 -0.036 -0.014 0.161 0.100 0.196 26.056
  230   4634.073    24.1 4.069  -1.05  3.863  0.057    24.558     2.232  0.130 -0.033  0.192 -0.007  0.020 0.196 0.100 0.227 19.360
  231   4637.503    26.0 3.281  -1.29  5.580  0.042    40.414     2.272  0.150  0.103 -0.014 -0.014 -0.003 0.105 0.100 0.151 43.908
  233   4646.162    24.0 1.029  -0.74  3.555  0.048    72.237     2.234  0.163  0.146 -0.032 -0.046 -0.019 0.158 0.100 0.193 26.938
  234   4648.652    28.0 3.417  -0.09  4.118  0.043    33.948     2.093  0.125  0.089  0.005 -0.009  0.000 0.090 0.100 0.141 50.309
  236   4651.291    24.0 0.982  -1.46  3.537  0.039    36.599     2.086  0.143  0.136 -0.020 -0.009 -0.007 0.138 0.100 0.175 32.735
  237   4652.157    24.0 1.003  -1.04  3.576  0.043    60.005     2.279  0.148  0.141 -0.028 -0.033 -0.013 0.148 0.100 0.184 29.609
  238   4657.201    22.1 1.242  -2.29  3.603  0.055    65.804     2.798  0.173  0.016  0.187 -0.038  0.040 0.196 0.100 0.226 19.495
  240   4678.846    26.0 3.600  -0.68  5.564  0.041    52.962     2.240  0.151  0.099 -0.020 -0.022 -0.005 0.103 0.100 0.150 44.659
  242   4702.991    12.0 4.346  -0.44  5.776  0.037   105.108     2.713  0.174  0.086 -0.123 -0.026  0.003 0.152 0.100 0.186 28.918
  243   4707.275    26.0 3.241  -0.96  5.682  0.045    66.190     2.222  0.169  0.113 -0.035 -0.035 -0.008 0.124 0.100 0.165 36.618
  244   4708.663    22.1 1.236  -2.35  3.498  0.041    57.822     2.259  0.161  0.014  0.188 -0.024  0.040 0.194 0.100 0.222 20.244
  245   4714.417    28.0 3.377   0.25  4.319  0.048    64.800     2.393  0.176  0.100 -0.016 -0.035 -0.005 0.107 0.100 0.154 41.997
  246    4722.15    30.0 4.030  -0.37  2.710  0.047    29.830     2.180  0.129  0.019  0.116 -0.012  0.022 0.120 0.100 0.163 37.516
  247   4727.395    26.0 3.684  -1.06  5.673  0.043    33.628     2.138  0.178  0.092 -0.009 -0.012 -0.002 0.093 0.100 0.143 48.678
  248   4733.591    26.0 1.484  -2.99  5.674  0.048    65.455     2.310  0.156  0.156 -0.019 -0.035 -0.015 0.162 0.100 0.196 26.006
  249   4736.773    26.0 3.209  -0.67  5.642  0.050    80.166     2.339  0.157  0.120 -0.057 -0.051 -0.010 0.143 0.100 0.181 30.440
  250   4756.515    28.0 3.477  -0.27  4.204  0.050    26.613     2.270  0.144  0.086  0.005 -0.006  0.001 0.086 0.100 0.141 50.103
  252   4763.883    22.1 1.220   -2.4  3.601  0.036    61.831     1.945  0.162  0.010  0.188 -0.033  0.040 0.195 0.100 0.222 20.231
  253   4764.525    22.1 1.236  -2.69  3.493  0.034    38.728     1.868  0.136  0.014  0.190 -0.011  0.040 0.195 0.100 0.222 20.336
  254   4772.804    26.0 1.556   -2.9  5.375  0.037    50.215     2.038  0.146  0.149 -0.015 -0.019 -0.010 0.151 0.100 0.185 29.191
  255   4786.535    28.0 3.417  -0.18  4.395  0.058    44.103     3.143  0.178  0.091  0.000 -0.015 -0.001 0.092 0.100 0.148 45.721
  257   4798.531    22.1 1.079  -2.66  3.564  0.042    54.818     2.439  0.163  0.017  0.188 -0.021  0.041 0.194 0.100 0.223 20.194
  259    4810.53    30.0 4.078  -0.15  2.754  0.035    40.294     1.860  0.157  0.021  0.117 -0.014  0.023 0.122 0.100 0.161 38.342
  260   4820.409    22.0 1.501  -0.38  3.363  0.055    15.801     1.761  0.121  0.122 -0.021 -0.003 -0.005 0.124 0.100 0.168 35.230
  261   4824.131    24.1 3.868  -0.92  4.052  0.055    50.341     2.772  0.180 -0.033  0.190 -0.026  0.028 0.197 0.100 0.227 19.352
  262   4831.176    28.0 3.603  -0.32  4.170  0.054    17.997     1.867  0.116  0.083  0.007 -0.004  0.000 0.083 0.100 0.141 50.325
  263   4840.874    22.0 0.899  -0.43  3.235  0.043    38.251     2.367  0.147  0.140 -0.021 -0.011 -0.009 0.142 0.100 0.179 31.159
  264   4849.168    22.1 1.130  -2.96  3.608  0.062    37.306     3.461  0.190  0.014  0.189 -0.011  0.041 0.194 0.100 0.227 19.393
  266    4856.01    22.0 2.254   0.52  3.334  0.116    16.284     3.968  0.167  0.103 -0.018 -0.002 -0.003 0.105 0.100 0.185 29.067
  268    4865.61    22.1 1.115   -2.7  3.507  0.060    47.139     3.521  0.170  0.016  0.190 -0.018  0.042 0.196 0.100 0.228 19.214
  269   4866.271    28.0 3.536  -0.22  4.274  0.063    29.202     3.006  0.173  0.083  0.005 -0.008  0.000 0.084 0.100 0.145 47.737
  270   4870.125    22.0 2.248   0.44  3.350  0.070    14.568     2.142  0.128  0.103 -0.018 -0.003 -0.004 0.105 0.100 0.161 38.671
  271   4871.318    26.0 2.865  -0.34  5.408  0.062   104.714     3.146  0.177  0.139 -0.105 -0.066 -0.013 0.187 0.100 0.221 20.527
  272   4873.442    28.0 3.696  -0.38  4.103  0.068    11.501     1.666  0.095  0.080  0.008 -0.004  0.002 0.081 0.100 0.145 47.373
  273   4874.009    22.1 3.092  -0.86  3.346  0.053    19.743     1.981  0.124 -0.019  0.189 -0.004  0.027 0.192 0.100 0.223 20.146
  274   4885.079    22.0 1.886   0.41  3.334  0.040    28.460     1.915  0.161  0.114 -0.018 -0.006 -0.005 0.116 0.100 0.158 40.029
  275   4889.002    26.0 2.196  -2.55  5.888  0.055    57.139     2.936  0.197  0.132 -0.017 -0.030 -0.010 0.137 0.100 0.178 31.507
  276   4890.755    26.0 2.876  -0.38  5.630  0.064   113.782     3.564  0.182  0.141 -0.126 -0.064 -0.010 0.200 0.100 0.232 18.501
  277    4903.31    26.0 2.882  -0.89  5.557  0.053    84.765     2.523  0.176  0.132 -0.060 -0.054 -0.013 0.155 0.100 0.192 27.086
  278   4910.017    26.0 3.394  -1.28  5.543  0.048    33.160     2.449  0.171  0.099 -0.008 -0.010 -0.004 0.100 0.100 0.149 44.871
  280   4913.613    22.0 1.872   0.22  3.158  0.093    15.089     2.963  0.166  0.113 -0.020 -0.003 -0.005 0.115 0.100 0.178 31.394
  283   4923.922    26.1 2.891  -1.26  5.534  0.069   120.834     3.773  0.198 -0.007  0.148 -0.072  0.032 0.168 0.100 0.207 23.298
  284   4939.687    26.0 0.858  -3.25  5.627  0.070    86.821     3.119  0.160  0.185 -0.031 -0.069 -0.038 0.203 0.100 0.237 17.765
  285   4946.388    26.0 3.368  -1.11  5.590  0.039    46.541     2.057  0.162  0.104 -0.016 -0.016 -0.004 0.107 0.100 0.151 43.733
  286   4966.089    26.0 3.329  -0.79  5.479  0.045    60.387     2.423  0.156  0.110 -0.028 -0.029 -0.008 0.117 0.100 0.161 38.737
  289   4980.173    28.0 3.603   0.07  4.063  0.071    29.793     3.406  0.130  0.085  0.005 -0.008  0.001 0.086 0.100 0.150 44.729
  290   4985.253    26.0 3.926  -0.44  5.528  0.092    44.816     4.924  0.193  0.091 -0.011 -0.017 -0.007 0.093 0.100 0.165 36.758
  291   4991.066    22.0 0.835   0.45  3.702  0.182   109.686     8.459  0.272  0.170 -0.077 -0.078 -0.036 0.205 0.100 0.292 11.719
  292    4994.13    26.0 0.914  -2.97  5.699  0.212    99.460     8.957  0.198  0.190 -0.043 -0.083 -0.045 0.216 0.100 0.319  9.822
  295   4999.503    22.0 0.825   0.32  2.924  0.184    68.280     9.263  0.217  0.153 -0.031 -0.033 -0.018 0.161 0.100 0.264 14.360
  297   5005.167    22.1 1.565  -2.73  3.779  0.131    32.591     6.992  0.179  0.006  0.189 -0.008  0.039 0.193 0.100 0.254 15.503
  298   5005.712    26.0 3.884  -0.12  5.543  0.202    64.928     9.799  0.216  0.099 -0.024 -0.035 -0.009 0.108 0.100 0.250 16.003
  299   5007.209    22.0 0.818   0.17  4.079  0.189   115.231     9.117  0.249  0.172 -0.087 -0.079 -0.037 0.212 0.100 0.301 11.052
  301   5012.068    26.0 0.858   -2.6  5.470  0.173   108.349     7.524  0.162  0.194 -0.056 -0.088 -0.048 0.225 0.100 0.301 11.019
  302   5013.686    22.1 1.581  -2.14  3.468  0.119    46.735     6.899  0.161  0.007  0.190 -0.018  0.040 0.195 0.100 0.249 16.068
  303   5014.943    26.0 3.940  -0.18  5.726  0.181    68.644     8.974  0.206  0.099 -0.035 -0.037 -0.009 0.112 0.100 0.235 18.103
  304   5016.161    22.0 0.848  -0.48  3.226  0.137    38.914     7.768  0.187  0.143 -0.025 -0.013 -0.012 0.146 0.100 0.224 19.937
  305   5017.576    28.0 3.536  -0.03  4.065  0.130    28.786     6.353  0.138  0.086  0.005 -0.008  0.000 0.087 0.100 0.185 29.082
  306   5018.435    26.1 2.891   -1.1  5.729  0.153   143.840    11.758  0.250 -0.006  0.123 -0.059  0.033 0.140 0.100 0.231 18.816
  307   5020.026    22.0 0.835  -0.33  3.234  0.122    48.839     6.866  0.178  0.145 -0.024 -0.015 -0.012 0.148 0.100 0.216 21.342
  309   5022.868    22.0 0.825  -0.33  3.398  0.140    58.753     7.769  0.175  0.149 -0.030 -0.024 -0.014 0.155 0.100 0.231 18.701
  310   5024.844    22.0 0.818  -0.53  3.328  0.171    43.830     9.790  0.272  0.145 -0.026 -0.016 -0.010 0.149 0.100 0.248 16.313
  311   5028.126    26.0 3.573  -1.02  5.671  0.148    43.080     7.939  0.255  0.097 -0.010 -0.014 -0.005 0.099 0.100 0.204 24.018
  312   5035.362    28.0 3.633   0.29  4.063  0.085    39.268     4.544  0.140  0.086  0.001 -0.012  0.000 0.087 0.100 0.157 40.376
  313   5036.464    22.0 1.442   0.14  3.090  0.122    28.713     5.955  0.109  0.127 -0.020 -0.006 -0.006 0.129 0.100 0.204 24.105
  315   5039.957    22.0 0.021  -1.08  3.539  0.142    76.371     6.898  0.196  0.178 -0.037 -0.044 -0.027 0.189 0.100 0.257 15.178
  319   5051.635    26.0 0.914  -2.76  5.793  0.127   112.959     5.576  0.206  0.196 -0.064 -0.091 -0.048 0.230 0.100 0.281 12.622
  320   5064.653    22.0 0.048  -0.94  3.419  0.130    75.971     6.297  0.184  0.178 -0.036 -0.043 -0.026 0.188 0.100 0.250 16.024
  324   5080.533    28.0 3.652   0.32  4.209  0.099    47.729     5.393  0.196  0.089 -0.003 -0.017 -0.001 0.091 0.100 0.167 35.686
  333    5123.72    26.0 1.010  -3.06  5.950  0.144   102.633     6.156  0.205  0.192 -0.046 -0.080 -0.042 0.217 0.100 0.279 12.840
  334    5127.36    26.0 0.914  -3.25  5.493  0.096    79.247     4.448  0.168  0.181 -0.022 -0.051 -0.027 0.191 0.100 0.236 17.924
  335   5129.156    22.1 1.890  -1.34  3.789  0.141    87.094     6.269  0.237  0.007  0.186 -0.055  0.036 0.197 0.100 0.262 14.525
  336   5133.689    26.0 4.175   0.36  5.510  0.098    72.319     4.970  0.206  0.096 -0.042 -0.038 -0.007 0.112 0.100 0.179 31.174
  340    5150.84    26.0 0.989  -3.04  5.825  0.114    99.399     4.882  0.200  0.190 -0.041 -0.080 -0.045 0.215 0.100 0.263 14.450
  342   5166.282    26.0 0.000  -4.12  5.930  0.114   108.558     4.882  0.196  0.221 -0.042 -0.092 -0.064 0.251 0.100 0.294 11.606
  343   5171.596    26.0 1.484  -1.72  5.408  0.109   113.062     4.852  0.194  0.182 -0.072 -0.089 -0.043 0.219 0.100 0.264 14.294
  344   5172.684    12.0 2.712 -0.393  5.876  0.072   321.962    21.360  0.268  0.135 -0.253 -0.009  0.031 0.289 0.100 0.314 10.156
  345   5173.743    22.0 0.000  -1.06  3.246  0.100    64.230     5.460  0.185  0.173 -0.031 -0.028 -0.020 0.179 0.100 0.228 19.203
  346   5183.604    12.0 2.717 -0.167  5.963  0.180   430.185    86.566  0.180  0.133 -0.262 -0.005  0.035 0.296 0.100 0.361  7.693
  347   5185.902    22.1 1.891  -1.41  3.445  0.070    66.784     3.737  0.213  0.003  0.188 -0.032  0.039 0.195 0.100 0.230 18.940
  348   5192.969    22.0 0.021  -0.95  3.279  0.079    70.730     4.046  0.176  0.177 -0.033 -0.036 -0.024 0.185 0.100 0.225 19.789
  349   5194.942    26.0 1.556  -2.02  5.368  0.096    94.877     4.160  0.197  0.174 -0.042 -0.075 -0.036 0.197 0.100 0.241 17.189
  350   5197.568    26.1 3.230  -2.22  5.663  0.076    64.554     4.160  0.181 -0.027  0.198 -0.028  0.037 0.205 0.100 0.241 17.282
  352   5206.023    24.0 0.941   0.02  3.949  0.066   136.175     3.927  0.233  0.171 -0.138 -0.075 -0.029 0.234 0.100 0.263 14.470
  353   5210.384    22.0 0.048  -0.82  3.426  0.072    83.075     3.439  0.183  0.181 -0.035 -0.051 -0.031 0.194 0.100 0.230 18.963
  355   5215.181    26.0 3.263  -0.86  5.233  0.052    48.171     2.942  0.149  0.108 -0.019 -0.018 -0.007 0.111 0.100 0.158 39.836
  356   5216.274    26.0 1.607  -2.08  5.578  0.088    98.959     3.784  0.213  0.174 -0.046 -0.076 -0.035 0.198 0.100 0.239 17.501
  357   5217.389    26.0 3.209  -1.07  5.597  0.076    60.165     4.128  0.190  0.114 -0.027 -0.028 -0.009 0.121 0.100 0.174 32.930
  359   5225.525    26.0 0.110  -4.75  5.650  0.079    60.121     4.169  0.163  0.193 -0.014 -0.026 -0.021 0.196 0.100 0.234 18.247
  360    5227.19    26.0 1.556  -1.23  5.712  0.089   150.207     5.783  0.234  0.182 -0.164 -0.079 -0.024 0.259 0.100 0.291 11.798
  362   5234.624    26.1 3.221  -2.18  5.488  0.059    56.783     2.990  0.184 -0.028  0.201 -0.025  0.037 0.208 0.100 0.238 17.649
  363   5242.491    26.0 3.632  -0.83  5.526  0.098    42.501     5.251  0.263  0.097 -0.009 -0.015 -0.005 0.099 0.100 0.171 34.077
  364   5247.565    24.0 0.960  -1.59  3.624  0.078    38.166     4.177  0.212  0.142 -0.021 -0.008 -0.009 0.144 0.100 0.192 27.148
  365   5250.646    26.0 2.196  -2.18  5.882  0.092    77.922     4.365  0.188  0.147 -0.027 -0.047 -0.019 0.158 0.100 0.208 23.056
  367   5254.956    26.0 0.110  -4.76  5.837  0.077    69.746     3.869  0.175  0.199 -0.020 -0.036 -0.027 0.205 0.100 0.241 17.254
  368   5263.306    26.0 3.263  -0.87  5.677  0.076    71.925     3.897  0.209  0.119 -0.041 -0.038 -0.010 0.132 0.100 0.182 30.154
  369   5264.801    26.1 3.230  -3.13  5.583  0.086    16.541     2.834 -0.129 -0.026  0.199 -0.004  0.030 0.203 0.100 0.242 17.068
  374   5275.997    26.1 3.199  -2.01  5.777  0.091    83.319     4.791  0.255 -0.024  0.191 -0.046  0.036 0.201 0.100 0.242 17.021
  375   5283.621    26.0 3.239  -0.45  5.643  0.090    92.676     4.503  0.208  0.129 -0.078 -0.057 -0.013 0.162 0.100 0.210 22.602
  376    5284.08    26.1 2.891  -3.11  5.756  0.078    41.445     4.063  0.209 -0.023  0.204 -0.011  0.036 0.209 0.100 0.244 16.765
  378   5296.691    24.0 0.982  -1.36  3.493  0.049    42.230     2.801  0.143  0.140 -0.025 -0.014 -0.013 0.143 0.100 0.182 30.310
  379   5298.272    24.0 0.982  -1.14  3.718  0.074    67.180     3.800  0.201  0.149 -0.030 -0.033 -0.017 0.156 0.100 0.200 25.028
  380   5302.303    26.0 3.281  -0.73  5.562  0.055    72.316     2.801  0.181  0.119 -0.042 -0.038 -0.010 0.132 0.100 0.175 32.792
  381   5307.361    26.0 1.607  -2.91  5.691  0.053    66.341     2.788  0.184  0.157 -0.017 -0.033 -0.016 0.162 0.100 0.198 25.580
  382   5324.179    26.0 3.211  -0.11  5.632  0.079   111.540     4.456  0.233  0.136 -0.121 -0.062 -0.011 0.193 0.100 0.231 18.746
  384   5328.039    26.0 0.914  -1.47  5.583  0.057   178.295     5.204  0.251  0.197 -0.200 -0.063 -0.013 0.288 0.100 0.310 10.395
  385   5328.532    26.0 1.556  -1.85  5.797  0.154   122.715     7.476  0.189  0.184 -0.091 -0.089 -0.043 0.228 0.100 0.293 11.679
  386     5332.9    26.0 1.556  -2.78  5.805  0.085    81.470     3.761  0.194  0.166 -0.024 -0.053 -0.026 0.178 0.100 0.221 20.474
  387   5336.786    22.1 1.581   -1.6  3.562  0.085    82.284     4.137  0.214  0.012  0.186 -0.049  0.039 0.197 0.100 0.236 17.893
  388   5339.929    26.0 3.263  -0.63  5.320  0.069    66.077     3.618  0.171  0.116 -0.033 -0.032 -0.009 0.125 0.100 0.174 32.882
  389   5341.024    26.0 1.607  -1.95  5.665  0.092   109.431     4.136  0.198  0.179 -0.063 -0.084 -0.042 0.212 0.100 0.252 15.799
  390   5345.796    24.0 1.003  -0.95  3.789  0.091    79.156     4.365  0.199  0.155 -0.038 -0.051 -0.027 0.170 0.100 0.217 21.240
  391   5348.314    24.0 1.003  -1.21  3.820  0.060    67.829     3.053  0.190  0.150 -0.029 -0.033 -0.017 0.157 0.100 0.196 26.096
  392   5349.465    20.0 2.709  -0.31  4.596  0.079    38.491     4.208  0.197  0.079 -0.018 -0.010 -0.005 0.082 0.100 0.151 43.607
  393   5371.489    26.0 0.957  -1.64  5.655  0.065   167.517     5.040  0.246  0.199 -0.179 -0.070 -0.022 0.278 0.100 0.302 10.959
  394   5381.022    22.1 1.565  -1.97  3.623  0.075    67.576     4.062  0.223  0.009  0.189 -0.032  0.041 0.196 0.100 0.233 18.473
  395   5393.168    26.0 3.241  -0.72  5.458  0.086    70.122     4.470  0.172  0.119 -0.037 -0.036 -0.010 0.130 0.100 0.185 29.135
  397   5397.128    26.0 0.914  -1.98  5.613  0.086   146.351     5.142  0.213  0.200 -0.130 -0.087 -0.047 0.258 0.100 0.290 11.894
  398   5405.775    26.0 0.989  -1.85  5.673  0.078   152.632     4.972  0.226  0.200 -0.146 -0.082 -0.039 0.264 0.100 0.293 11.676
  399   5409.783    24.0 1.029  -0.67  3.660  0.094    85.263     4.357  0.211  0.158 -0.042 -0.055 -0.027 0.175 0.100 0.222 20.276
  401   5418.768    22.1 1.581  -2.13  3.572  0.051    54.960     2.995  0.182  0.007  0.190 -0.020  0.042 0.196 0.100 0.226 19.641
  402   5429.696    26.0 0.957  -1.88  5.752  0.080   158.551     5.459  0.264  0.201 -0.157 -0.079 -0.034 0.269 0.100 0.298 11.255
  403   5434.524    26.0 1.010  -2.13  5.709  0.086   137.716     4.647  0.218  0.200 -0.109 -0.089 -0.050 0.250 0.100 0.282 12.547
  404   5476.564    26.0 4.100  -0.28  5.578  0.118    46.733     6.413  0.201  0.089 -0.012 -0.017 -0.005 0.092 0.100 0.180 30.956
  405   5476.904    28.0 1.825  -0.78  4.366  0.106   104.607     4.645  0.203  0.163 -0.036 -0.084 -0.037 0.190 0.100 0.240 17.383
  407   5497.516    26.0 1.010  -2.83  5.817  0.077   110.003     3.485  0.216  0.198 -0.051 -0.084 -0.051 0.227 0.100 0.260 14.839
  408   5501.465    26.0 0.957  -3.05  5.913  0.093   107.294     4.217  0.220  0.197 -0.047 -0.082 -0.051 0.224 0.100 0.263 14.494
  409   5506.779    26.0 0.989  -2.79  5.797  0.084   112.129     3.807  0.221  0.199 -0.054 -0.084 -0.052 0.229 0.100 0.263 14.423
  410   5528.405    12.0 4.346 -0.498  6.142  0.049   127.226     3.876  0.241  0.095 -0.127 -0.032 -0.001 0.162 0.100 0.196 25.919
  411   5534.834    26.1 3.245  -2.75  5.611  0.056    32.608     2.786  0.197 -0.030  0.197 -0.011  0.034 0.202 0.100 0.233 18.476
  412   5569.618    26.0 3.414  -0.52  5.564  0.071    76.459     3.647  0.209  0.119 -0.047 -0.041 -0.011 0.135 0.100 0.182 30.108
  413   5572.842    26.0 3.394  -0.28  5.617  0.065    92.586     3.336  0.237  0.127 -0.078 -0.054 -0.013 0.159 0.100 0.199 25.301
  414   5581.965    20.0 2.523 -0.555  4.677  0.057    41.376     3.156  0.198  0.085 -0.018 -0.011 -0.006 0.088 0.100 0.145 47.719
  415   5586.756    26.0 3.366  -0.11  5.755  0.071   110.696     4.084  0.235  0.133 -0.118 -0.060 -0.011 0.188 0.100 0.224 19.851
  416   5587.858    28.0 1.934  -2.39  4.343  0.082    19.845     3.190  0.187  0.126  0.004 -0.004 -0.002 0.126 0.100 0.181 30.640
  417   5588.749    20.0 2.524   0.21  4.765  0.059    87.340     2.935  0.199  0.102 -0.049 -0.048 -0.018 0.124 0.100 0.170 34.584
  418   5590.114    20.0 2.521 -0.571  4.666  0.061    39.993     3.374  0.194  0.084 -0.018 -0.011 -0.006 0.087 0.100 0.146 47.039
  419   5594.462    20.0 2.523  0.097  4.713  0.062    79.165     3.116  0.207  0.099 -0.038 -0.040 -0.015 0.114 0.100 0.164 37.154
  420    5598.48    20.0 2.521 -0.087  4.937  0.066    81.286     3.361  0.225  0.100 -0.041 -0.043 -0.017 0.118 0.100 0.168 35.491
  421   5601.277    20.0 2.526 -0.523  4.745  0.048    46.710     2.731  0.214  0.086 -0.022 -0.016 -0.009 0.091 0.100 0.143 48.728
  422   5615.644    26.0 3.332   0.04  5.678  0.068   117.212     4.133  0.234  0.136 -0.130 -0.059 -0.010 0.197 0.100 0.232 18.656
  423   5624.542    26.0 3.414  -0.76  5.580  0.063    64.742     3.404  0.237  0.114 -0.031 -0.030 -0.009 0.122 0.100 0.170 34.593
  425   5658.816    26.0 3.394  -0.76  5.800  0.080    77.705     4.107  0.296  0.121 -0.048 -0.043 -0.011 0.138 0.100 0.188 28.316
  426   5662.516    26.0 4.175  -0.41  5.435  0.083    28.815     3.961  0.209  0.083 -0.008 -0.008 -0.006 0.084 0.100 0.155 41.766
  430   5688.203    11.0 2.104 -0.406  4.197  0.081    15.313     2.612  0.186  0.064 -0.014 -0.002 -0.003 0.066 0.100 0.144 47.923
  434   5711.088    12.0 4.343 -1.724  6.077  0.052    39.911     3.086  0.203  0.072 -0.013 -0.008 -0.005 0.074 0.100 0.135 55.106
  435   5754.656    28.0 1.934  -2.22  4.327  0.052    26.561     2.412  0.159  0.127  0.006 -0.007 -0.002 0.127 0.100 0.170 34.575
  436   5762.992    26.0 4.209  -0.36  5.532  0.042    34.328     2.170  0.175  0.082 -0.010 -0.012 -0.005 0.084 0.100 0.137 53.311
  440   5857.451    20.0 2.930   0.23  4.768  0.061    65.309     3.382  0.225  0.085 -0.037 -0.027 -0.010 0.097 0.100 0.152 43.206
  441   5866.451    22.0 1.066  -0.79  3.203  0.078    15.638     2.523  0.183  0.137 -0.021 -0.002 -0.007 0.139 0.100 0.188 28.290
  442   5889.951    11.0 0.000  0.108  4.616  0.021   250.354     3.608  0.275  0.147 -0.227 -0.022  0.008 0.271 0.100 0.290 11.887
  443   5892.872    28.0 1.984  -2.22  4.425  0.051    28.748     2.375  0.190  0.126  0.005 -0.008 -0.003 0.126 0.100 0.169 34.994
  444   5895.924    11.0 0.000 -0.194  4.737  0.032   223.226     4.361  0.289  0.148 -0.211 -0.030 -0.002 0.259 0.100 0.280 12.763
  445   5948.545    14.0 5.082 -1.231  5.998  0.062    21.753     2.488  0.197  0.045  0.031 -0.004  0.004 0.055 0.100 0.130 59.301
  446   6102.723    20.0 1.879 -0.793  4.709  0.053    74.014     3.013  0.211  0.114 -0.050 -0.030 -0.013 0.129 0.100 0.171 34.043
  448   6122.217    20.0 1.886 -0.316  4.951  0.056   114.546     3.435  0.232  0.130 -0.122 -0.051 -0.015 0.186 0.100 0.219 20.944
  449   6162.173    20.0 1.899  -0.09  4.851  0.056   121.719     3.703  0.249  0.131 -0.138 -0.051 -0.013 0.197 0.100 0.228 19.189
  450   6169.042    20.0 2.523 -0.797  4.766  0.039    34.423     2.090  0.210  0.084 -0.022 -0.009 -0.007 0.088 0.100 0.139 52.105
  451   6169.563    20.0 2.526 -0.478  4.700  0.042    48.369     2.432  0.205  0.089 -0.029 -0.014 -0.008 0.095 0.100 0.144 48.107
  452   6191.169    28.0 1.675  -2.47  4.437  0.043    35.618     2.321  0.207  0.137  0.004 -0.011 -0.005 0.138 0.100 0.175 32.488
  453    6219.28    26.0 2.196  -2.45  5.827  0.059    65.011     3.289  0.272  0.145 -0.016 -0.032 -0.019 0.151 0.100 0.190 27.664
  455   6246.319    26.0 3.600  -0.77  5.377  0.047    42.469     2.561  0.206  0.102 -0.014 -0.013 -0.005 0.104 0.100 0.152 43.471
  456   6247.559    26.1 3.892   -2.3  5.648  0.064    22.802     2.573  0.249 -0.041  0.201 -0.006  0.031 0.208 0.100 0.239 17.490
  457   6265.134    26.0 2.174  -2.54  5.776  0.056    58.801     3.204  0.219  0.144 -0.012 -0.023 -0.013 0.147 0.100 0.186 28.806
  459   6301.501    26.0 3.651  -0.71  5.570  0.048    52.849     2.695  0.237  0.104 -0.012 -0.021 -0.008 0.107 0.100 0.154 42.070
  460    6335.33    26.0 2.196  -2.18  5.756  0.054    76.284     2.821  0.221  0.152 -0.020 -0.040 -0.021 0.160 0.100 0.196 26.000
  461   6336.824    26.0 3.684  -0.85  5.645  0.046    47.794     2.647  0.278  0.102 -0.018 -0.016 -0.006 0.105 0.100 0.152 43.221
  463   6400.001    26.0 3.603  -0.27  5.662  0.056    86.231     3.029  0.261  0.122 -0.061 -0.046 -0.014 0.145 0.100 0.185 29.365
  464   6408.018    26.0 3.684  -0.99  5.675  0.046    41.459     2.517  0.260  0.100 -0.008 -0.013 -0.006 0.101 0.100 0.150 44.671
  465   6411.649    26.0 3.651  -0.59  5.558  0.049    59.991     2.764  0.234  0.107 -0.027 -0.025 -0.009 0.114 0.100 0.159 39.548
  466   6430.846    26.0 2.174  -1.95  5.786  0.049    91.347     2.536  0.224  0.161 -0.030 -0.056 -0.031 0.176 0.100 0.208 23.084
  467   6432.677    26.1 2.891  -3.57  5.604  0.061    16.548     1.995  0.195 -0.024  0.203 -0.004  0.038 0.208 0.100 0.239 17.554
  468   6439.075    20.0 2.524   0.47  4.953  0.060   113.119     3.149  0.268  0.118 -0.083 -0.061 -0.025 0.159 0.100 0.197 25.800
  469   6449.808    20.0 2.521 -0.502  4.738  0.061    49.596     3.535  0.260  0.090 -0.022 -0.016 -0.012 0.095 0.100 0.151 44.041
  470   6456.381    26.1 3.903  -2.05  5.762  0.047    39.135     2.337  0.244 -0.044  0.204 -0.014  0.038 0.213 0.100 0.240 17.421
  471    6499.65    20.0 2.523 -0.818  4.714  0.050    31.130     2.529  0.210  0.082 -0.018 -0.008 -0.009 0.085 0.100 0.140 50.777
  472   6516.077    26.1 2.891  -3.37  5.718  0.055    28.841     2.621  0.240 -0.025  0.203 -0.008  0.040 0.209 0.100 0.238 17.692
  473    6643.63    28.0 1.675  -2.22  4.520  0.045    55.993     2.644  0.229  0.145  0.001 -0.022 -0.011 0.147 0.100 0.183 29.712
  476   6717.681    20.0 2.709 -0.524  4.776  0.033    39.358     1.796  0.217  0.082 -0.024 -0.010 -0.006 0.086 0.100 0.136 53.978
  477   6767.772    28.0 1.825  -2.14  4.429  0.031    45.305     1.801  0.220  0.136  0.003 -0.018 -0.012 0.138 0.100 0.173 33.406
  480   7664.911    19.0 0.000  0.125  4.062  0.045   120.814     2.790  0.282  0.137 -0.099 -0.056 -0.030 0.181 0.100 0.211 22.405
  481   7698.974    19.0 0.000 -0.178  3.955  0.046    97.138     2.637  0.287  0.129 -0.060 -0.046 -0.025 0.152 0.100 0.187 28.491
  482   7714.308    28.0 1.934   -2.0  4.723  0.044    66.892     2.392  0.289  0.148  0.004 -0.029 -0.015 0.152 0.100 0.187 28.634
  483    7788.93    28.0 1.949  -2.18  4.628  0.051    49.707     3.079  0.311  0.137  0.004 -0.019 -0.011 0.139 0.100 0.179 31.378
  485     5526.0    21.1   nan    nan  1.498  0.102 -9999.000 -9999.000  0.183 -0.001  0.191 -0.027  0.044 0.198 0.200 0.299 11.178
  486     5030.0    21.1   nan    nan  1.737  0.229 -9999.000 -9999.000  0.242 -0.005  0.200 -0.045  0.037 0.208 0.200 0.369  7.359
  487     4669.0    21.1   nan    nan  1.399  0.086 -9999.000 -9999.000  0.146 -0.011  0.176 -0.021  0.040 0.182 0.200 0.284 12.402
  488     4415.0    21.1   nan    nan  1.404  0.061 -9999.000 -9999.000  0.137  0.006  0.151 -0.026  0.020 0.154 0.200 0.260 14.810
  489     4399.0    21.1   nan    nan  1.330  0.109 -9999.000 -9999.000  0.127  0.021  0.209 -0.060 -0.001 0.218 0.200 0.315 10.057
  490     4824.0    25.0   nan    nan  3.273  0.081 -9999.000 -9999.000  0.140  0.119 -0.001 -0.018 -0.011 0.121 0.200 0.247 16.337
  491     4782.0    25.0   nan    nan  3.171  0.078 -9999.000 -9999.000  0.142  0.119 -0.035 -0.017 -0.017 0.126 0.200 0.249 16.122
  492     4766.0    25.0   nan    nan  3.121  0.032 -9999.000 -9999.000  0.126  0.088 -0.049 -0.002 -0.016 0.102 0.200 0.227 19.450
  493     4762.0    25.0   nan    nan  3.118  0.032 -9999.000 -9999.000  0.124  0.085 -0.052 -0.003 -0.017 0.102 0.200 0.227 19.472
  494     4753.0    25.0   nan    nan  3.142  0.082 -9999.000 -9999.000  0.143  0.092 -0.005 -0.009 -0.008 0.093 0.200 0.235 18.068
  495     4310.0   106.0   nan    nan  6.450  0.012 -9999.000 -9999.000  0.142  0.145 -0.110 -0.005  0.114 0.215 0.100 0.238 17.725
  496     4323.0   106.0   nan    nan  6.454  0.017 -9999.000 -9999.000  0.138  0.121 -0.093  0.001  0.110 0.188 0.100 0.214 21.855
  497     4246.0    21.1   nan    nan  1.844  0.082 -9999.000 -9999.000  0.129 -0.175  0.182 -0.098 -0.126 0.298 0.200 0.368  7.365
  498     4313.0    21.1   nan    nan  1.720  0.192 -9999.000 -9999.000  0.146 -0.086  0.398 -0.104 -0.055 0.423 0.200 0.506  3.905
  499     4324.0    21.1   nan    nan  1.316  0.104 -9999.000 -9999.000  0.139  0.026  0.163 -0.079  0.006 0.183 0.200 0.290 11.852
  500     4040.0    25.0   nan    nan  3.136  0.168 -9999.000 -9999.000  0.143  0.139  0.054  0.050  0.046 0.164 0.200 0.308 10.512
  502     3962.0    13.0   nan    nan  4.122  0.090 -9999.000 -9999.000  0.124  0.174 -0.233 -0.032  0.025 0.293 0.300 0.429  5.436
  504     3906.0    14.0   nan    nan  5.889  0.066 -9999.000 -9999.000  0.137  0.040 -0.138 -0.001 -0.031 0.147 0.100 0.189 27.847
  505     4384.0    23.0   nan    nan  2.006  0.085 -9999.000 -9999.000  0.127  0.112  0.049 -0.007 -0.047 0.132 0.100 0.186 28.943
  506     4379.0    23.0   nan    nan  1.983  0.079 -9999.000 -9999.000  0.134  0.101  0.038 -0.005 -0.063 0.125 0.100 0.178 31.482
  507     4006.0    23.1   nan    nan  2.225  0.065 -9999.000 -9999.000  0.120 -0.009  0.184 -0.004  0.037 0.188 0.100 0.223 20.180
  508     3952.0    23.1   nan    nan  2.348  0.138 -9999.000 -9999.000  0.152 -0.029  0.177 -0.024  0.002 0.181 0.100 0.249 16.148
  510     4020.0    27.0   nan    nan  3.437  0.063 -9999.000 -9999.000  0.150  0.106  0.044 -0.010 -0.002 0.115 0.100 0.165 36.889
  511     4110.0    27.0   nan    nan  3.373  0.115 -9999.000 -9999.000  0.150  0.099  0.017 -0.010 -0.012 0.102 0.100 0.184 29.673
  512     4119.0    27.0   nan    nan  2.921  0.099 -9999.000 -9999.000  0.138  0.174 -0.032 -0.039 -0.039 0.185 0.100 0.233 18.432
  513     4121.0    27.0   nan    nan  2.913  0.098 -9999.000 -9999.000  0.137  0.180 -0.027 -0.039 -0.039 0.190 0.100 0.236 17.943
  515     4078.0    38.1   nan    nan  0.957  0.074 -9999.000 -9999.000  0.151  0.077  0.055 -0.027  0.069 0.120 0.100 0.173 33.285
  516     4215.0    38.1   nan    nan  1.131  0.071 -9999.000 -9999.000  0.141  0.060  0.008 -0.027  0.038 0.076 0.100 0.145 47.823
  517     4900.0    39.1   nan    nan  0.153  0.100 -9999.000 -9999.000  0.143  0.025  0.194 -0.015  0.046 0.201 0.100 0.246 16.529
  518     4884.0    39.1   nan    nan  0.231  0.086 -9999.000 -9999.000  0.152 -0.008  0.207 -0.027  0.049 0.215 0.100 0.252 15.705
  519     4397.0    39.1   nan    nan  0.177  0.068 -9999.000 -9999.000  0.123  0.018  0.197 -0.016  0.029 0.201 0.100 0.235 18.177
  520     4208.0    40.1   nan    nan  0.906  0.079 -9999.000 -9999.000  0.135 -0.008  0.255 -0.010  0.008 0.256 0.100 0.286 12.254
  521     4554.0    56.1   nan    nan  0.225  0.138 -9999.000 -9999.000  0.149  0.025  0.025 -0.096 -0.014 0.103 0.200 0.264 14.351
  523     5854.0    56.1   nan    nan  0.332  0.088 -9999.000 -9999.000  0.203  0.020  0.188 -0.033  0.044 0.197 0.200 0.294 11.537
  524     6142.0    56.1   nan    nan  0.417  0.097 -9999.000 -9999.000  0.194  0.040  0.145 -0.078  0.035 0.173 0.200 0.282 12.583
  525     6496.0    56.1   nan    nan  0.469  0.071 -9999.000 -9999.000  0.209  0.023  0.175 -0.073  0.036 0.195 0.200 0.288 12.038
  526     4086.0    57.1   nan    nan -0.619  0.119 -9999.000 -9999.000  0.137 -0.009  0.197 -0.011  0.040 0.202 0.100 0.255 15.421
  527     4122.0    57.1   nan    nan -0.730  0.091 -9999.000 -9999.000  0.130  0.005  0.184  0.001  0.042 0.189 0.100 0.232 18.523
  528     4334.0    57.1   nan    nan -0.658  0.116 -9999.000 -9999.000  0.136  0.015  0.178 -0.007  0.035 0.182 0.100 0.238 17.630
  529     4430.0    57.1   nan    nan -0.591  0.069 -9999.000 -9999.000  0.142  0.030  0.146 -0.002  0.055 0.159 0.100 0.201 24.874
  530     4921.0    57.1   nan    nan -0.834  0.134 -9999.000 -9999.000  0.158  0.023  0.153 -0.000  0.049 0.162 0.100 0.233 18.357
  531     4922.0    57.1   nan    nan -0.649  0.076 -9999.000 -9999.000  0.157  0.031  0.173 -0.001  0.049 0.182 0.100 0.221 20.414
  533     4102.0    66.1   nan    nan -0.317  0.206 -9999.000 -9999.000  0.138 -0.039  0.228 -0.005  0.004 0.231 0.100 0.325  9.454
  534     4129.0    63.1   nan    nan -1.000  0.082 -9999.000 -9999.000  0.137  0.007  0.196  0.000  0.036 0.200 0.100 0.238 17.665
  535     4205.0    63.1   nan    nan -0.949  0.073 -9999.000 -9999.000  0.129  0.035  0.201 -0.001  0.052 0.210 0.100 0.244 16.803
  536     4435.0    63.1   nan    nan -0.969  0.077 -9999.000 -9999.000  0.136  0.050  0.156 -0.020  0.038 0.170 0.100 0.212 22.337
  539     3877.0   607.0   nan    nan  6.314  0.024 -9999.000 -9999.000  0.154  0.199 -0.064  0.002  0.117 0.240 0.300 0.385  6.751
  484     6300.0     8.0   nan    nan  8.375    nan       nan       nan    nan    nan    nan    nan    nan   nan   nan   nan    nan
