index wavelength species expot  loggf logeps e_stat       eqw     e_eqw  fwhm e_Teff e_logg   e_vt   e_MH  e_sp e_sys e_tot weight
----- ---------- ------- ----- ------ ------ ------ --------- --------- ----- ------ ------ ------ ------ ----- ----- ----- ------
   25   3865.523    26.0 1.010  -0.95  6.053  0.037   247.928     8.555 0.268  0.146 -0.157 -0.016  0.040 0.219 0.100 0.243 16.894
   30   3902.946    26.0 1.556  -0.44  6.070  0.041   236.698     8.609 0.276  0.136 -0.184 -0.017  0.046 0.234 0.100 0.258 15.051
   31   3904.783    22.0 0.899   0.15  4.021  0.103    85.226     3.780 0.169  0.129 -0.028 -0.099 -0.008 0.165 0.100 0.219 20.877
   34   3917.181    26.0 0.989  -2.15  6.174  0.088   127.684     5.110 0.162  0.147 -0.091 -0.098  0.012 0.199 0.100 0.240 17.427
   35    3924.53    22.0 0.021  -0.87  3.807  0.139    76.680     5.276 0.130  0.149 -0.008 -0.075 -0.006 0.167 0.100 0.239 17.468
   40   3948.097    26.0 3.241  -0.59  6.302  0.144    92.704     5.610 0.172  0.097 -0.064 -0.103  0.011 0.156 0.100 0.234 18.191
   45   3977.741    26.0 2.196  -1.12  6.300  0.140   113.512     5.632 0.171  0.124 -0.076 -0.133  0.008 0.197 0.100 0.262 14.597
   48   3987.606    22.1 0.607  -2.73  4.006  0.095    73.288     3.863 0.144  0.018  0.211 -0.066  0.054 0.228 0.100 0.267 14.056
   50   3998.636    22.0 0.048   0.02  3.882  0.074   113.741     3.154 0.158  0.155 -0.083 -0.117 -0.001 0.211 0.100 0.245 16.644
   51   4001.661    26.0 2.174   -1.9  6.375  0.082    89.474     2.819 0.142  0.120 -0.011 -0.116 -0.001 0.167 0.100 0.211 22.370
   53   4008.927    22.0 0.021   -1.0  4.267  0.079    90.488     2.999 0.155  0.153 -0.030 -0.099 -0.010 0.185 0.100 0.225 19.821
   55   4025.129    22.1 0.607  -2.11  4.106  0.081   100.438     2.856 0.158  0.017  0.183 -0.130  0.047 0.230 0.100 0.264 14.399
   56   4028.338    22.1 1.890  -0.92  4.402  0.075   102.845     2.714 0.163 -0.001  0.160 -0.123  0.046 0.207 0.100 0.242 17.102
   57   4030.185    26.0 2.196  -2.31  5.999  0.052    58.337     2.390 0.121  0.113  0.012 -0.043  0.005 0.122 0.100 0.166 36.374
   58   4032.627    26.0 1.484  -2.38  6.360  0.127   102.894     5.355 0.156  0.139 -0.049 -0.111  0.002 0.185 0.100 0.245 16.618
   59   4053.821    22.1 1.891  -1.07  3.771  0.076    74.092     3.079 0.133 -0.006  0.210 -0.068  0.047 0.226 0.100 0.258 14.982
   60   4056.187    22.1 0.607  -3.28  4.208  0.151    58.487     6.884 0.140  0.016  0.220 -0.037  0.054 0.230 0.100 0.293 11.663
   63   4067.978    26.0 3.209  -0.53  5.981  0.066    87.794     2.870 0.151  0.096 -0.055 -0.083  0.011 0.139 0.100 0.183 29.755
   64   4070.771    26.0 3.239  -0.87  6.116  0.071    77.464     3.005 0.145  0.093 -0.032 -0.072  0.009 0.122 0.100 0.173 33.356
   65   4073.762    26.0 3.263  -0.97  6.081  0.080    70.591     3.474 0.143  0.092 -0.019 -0.061  0.009 0.112 0.100 0.170 34.449
   68   4080.209    26.0 3.281  -1.18  6.118  0.061    61.922     2.819 0.140  0.089 -0.006 -0.046  0.008 0.101 0.100 0.154 41.913
   70   4098.176    26.0 3.239  -0.97  6.315  0.060    81.926     2.535 0.142  0.095 -0.041 -0.077  0.009 0.129 0.100 0.174 32.985
   71   4102.936    14.0 1.909 -3.336  6.950  0.048   132.345     2.929 0.191  0.105 -0.043 -0.068  0.025 0.135 0.100 0.174 32.864
   73   4114.938    26.0 3.368  -1.45  6.003  0.038    38.173     1.972 0.117  0.085  0.011 -0.017  0.008 0.088 0.100 0.138 52.236
   75   4120.206    26.0 2.988  -1.23  6.104  0.051    72.516     2.074 0.132  0.097  0.000 -0.070  0.004 0.120 0.100 0.164 37.137
   76   4121.802    26.0 2.829  -1.28  6.031  0.055    74.291     2.190 0.133  0.101  0.004 -0.080 -0.003 0.129 0.100 0.172 33.725
   79   4139.927    26.0 0.989  -3.51  6.136  0.061    72.502     2.521 0.121  0.147  0.009 -0.069 -0.001 0.163 0.100 0.200 24.892
   82   4147.669    26.0 1.484  -2.07  6.309  0.061   114.245     2.705 0.147  0.142 -0.074 -0.116  0.005 0.198 0.100 0.230 18.924
   83   4150.249    26.0 3.428  -1.19  6.107  0.054    53.619     2.728 0.114  0.085  0.001 -0.033  0.007 0.091 0.100 0.146 46.990
   85     4153.9    26.0 3.397  -0.28  6.296  0.067   106.631     3.624 0.163  0.097 -0.109 -0.080  0.020 0.168 0.100 0.206 23.485
   86   4158.792    26.0 3.428   -0.7  6.080  0.055    75.308     2.395 0.133  0.089 -0.032 -0.066  0.010 0.116 0.100 0.163 37.840
   88   4167.271    12.0 4.346 -0.745  6.491  0.046   115.775     3.071 0.186  0.063 -0.129 -0.043  0.022 0.151 0.100 0.187 28.523
   92   4178.855    26.1 2.583  -2.51  5.990  0.066    78.070     2.678 0.131 -0.024  0.215 -0.076  0.048 0.234 0.100 0.263 14.443
   95   4199.095    26.0 3.045   0.17  6.176  0.049   132.719     2.896 0.181  0.107 -0.136 -0.094  0.021 0.198 0.100 0.227 19.371
   98   4233.163    26.1 2.583  -2.02  6.498  0.064   124.779     3.949 0.185 -0.012  0.144 -0.084  0.046 0.173 0.100 0.210 22.651
   99   4233.603    26.0 2.482   -0.6  6.020  0.050   129.450     3.472 0.170  0.120 -0.153 -0.072  0.029 0.209 0.100 0.237 17.751
  100   4250.787    26.0 1.556  -0.71  6.050  0.027   191.976     3.698 0.211  0.138 -0.188 -0.041  0.043 0.241 0.100 0.262 14.567
  101   4282.403    26.0 2.174  -0.78  6.439  0.048   144.150     3.004 0.189  0.129 -0.147 -0.101  0.025 0.222 0.100 0.248 16.292
  103   4287.403    22.0 0.835  -0.37  3.950  0.056    68.823     2.552 0.146  0.131 -0.010 -0.052 -0.004 0.141 0.100 0.182 30.195
  111   4316.794    22.1 2.046  -1.62  4.035  0.046    55.173     2.041 0.146 -0.009  0.218 -0.033  0.052 0.227 0.100 0.252 15.744
  112   4318.652    20.0 1.899  -0.21  5.227  0.041   107.963     1.930 0.154  0.094 -0.100 -0.088  0.008 0.163 0.100 0.196 26.092
  114   4326.351    22.0 0.825  -1.26  4.013  0.057    27.183     2.667 0.140  0.126 -0.001 -0.010  0.004 0.126 0.100 0.171 34.196
  118   4331.642    28.0 1.675  -2.27  5.004  0.038    56.453     1.937 0.130  0.114  0.035 -0.036  0.010 0.125 0.100 0.165 36.952
  125    4375.93    26.0 0.000   -3.0  6.314  0.048   150.520     2.871 0.177  0.179 -0.160 -0.115  0.026 0.267 0.100 0.290 11.926
  128   4394.059    22.1 1.220  -1.77  4.195  0.087    95.776     3.215 0.160  0.007  0.200 -0.102  0.052 0.231 0.100 0.266 14.139
  130   4395.839    22.1 1.242  -1.93  4.123  0.071    85.703     2.654 0.160  0.004  0.210 -0.084  0.053 0.232 0.100 0.263 14.488
  136   4411.073    22.1 3.092  -0.65  4.233  0.040    56.949     1.915 0.153 -0.028  0.213 -0.036  0.042 0.222 0.100 0.247 16.444
  137    4411.93    22.1 1.223  -2.62  4.180  0.046    58.251     2.099 0.153  0.003  0.220 -0.035  0.053 0.229 0.100 0.254 15.489
  138   4415.123    26.0 1.607  -0.62  6.211  0.018   233.873     3.534 0.291  0.137 -0.188 -0.025  0.044 0.238 0.100 0.259 14.926
  139   4416.818    26.1 2.778  -2.57  6.401  0.047    85.925     2.030 0.156 -0.028  0.208 -0.081  0.049 0.230 0.100 0.255 15.333
  140   4418.331    22.1 1.236  -1.99  4.270  0.050    89.491     2.010 0.156  0.005  0.204 -0.090  0.052 0.229 0.100 0.255 15.397
  141   4421.938    22.1 2.060  -1.64  4.022  0.053    53.173     2.448 0.161 -0.010  0.218 -0.030  0.047 0.225 0.100 0.252 15.737
  143   4425.437    20.0 1.879 -0.358  5.354  0.162   114.087     9.617 0.177  0.096 -0.133 -0.071  0.017 0.180 0.100 0.262 14.603
  146   4432.096    22.1 1.236  -3.08  4.223  0.040    35.594     2.062 0.160  0.006  0.214 -0.014  0.050 0.220 0.100 0.245 16.631
  151   4442.339    26.0 2.196  -1.23  6.394  0.033   138.154     2.551 0.195  0.125 -0.091 -0.067  0.013 0.169 0.100 0.199 25.218
  152   4443.801    22.1 1.079  -0.71  4.166  0.053   146.071     2.862 0.183  0.026  0.057 -0.121  0.062 0.150 0.100 0.188 28.393
  153   4444.554    22.1 1.115   -2.2  4.228  0.066    85.261     2.471 0.166  0.007  0.213 -0.080  0.054 0.234 0.100 0.263 14.474
  154   4447.717    26.0 2.221  -1.36  6.470  0.036   132.421     2.636 0.187  0.124 -0.085 -0.072  0.010 0.167 0.100 0.198 25.522
  155   4449.142    22.0 1.886   0.47  3.883  0.054    49.475     2.891 0.169  0.103 -0.003 -0.027  0.003 0.107 0.100 0.156 41.198
  158   4453.313    22.0 1.429  -0.03  3.938  0.039    52.932     2.084 0.143  0.114 -0.003 -0.027  0.003 0.117 0.100 0.159 39.580
  159   4453.699    22.0 1.872    0.1  3.754  0.041    25.198     1.785 0.148  0.102  0.002 -0.007  0.005 0.102 0.100 0.149 45.118
  160   4454.779    20.0 1.899  0.258  5.338  0.034   156.375     3.385 0.218  0.100 -0.211 -0.046  0.037 0.241 0.100 0.263 14.459
  161   4455.317    22.0 1.442    0.1  3.873  0.041    55.681     2.179 0.146  0.115 -0.001 -0.029  0.002 0.119 0.100 0.160 38.830
  162   4455.887    20.0 1.899 -0.518  5.378  0.041   105.901     2.155 0.162  0.094 -0.111 -0.072  0.012 0.163 0.100 0.195 26.201
  163   4457.427    22.0 1.459   0.26  4.370  0.055    85.588     2.352 0.182  0.119 -0.020 -0.079 -0.006 0.144 0.100 0.184 29.530
  166   4465.805    22.0 1.738  -0.13  3.814  0.053    24.250     2.279 0.124  0.105  0.000 -0.008  0.005 0.105 0.100 0.155 41.799
  167   4468.493    22.1 1.130  -0.63  4.239  0.046   152.188     2.691 0.202  0.028  0.042 -0.108  0.067 0.137 0.100 0.176 32.449
  169   4470.477    28.0 3.396   -0.3  4.775  0.040    48.955     2.087 0.156  0.074  0.025 -0.028  0.012 0.084 0.100 0.136 53.677
  170   4471.237    22.0 1.732  -0.15  4.123  0.039    38.388     2.100 0.138  0.105  0.001 -0.016  0.004 0.106 0.100 0.151 43.821
  173    4484.22    26.0 3.600  -0.64  6.034  0.050    69.442     2.289 0.143  0.086 -0.013 -0.053  0.008 0.102 0.100 0.151 43.594
  174   4488.324    22.1 3.121   -0.5  3.949  0.075    48.954     3.738 0.161 -0.032  0.211 -0.032  0.039 0.219 0.100 0.252 15.695
  176     4491.4    26.1 2.856  -2.71  6.237  0.052    69.136     2.250 0.155 -0.031  0.224 -0.056  0.050 0.238 0.100 0.264 14.393
  177   4493.522    22.1 1.079  -2.78  4.047  0.041    51.643     2.193 0.165  0.007  0.216 -0.027  0.054 0.224 0.100 0.249 16.121
  178   4494.563    26.0 2.196  -1.14  6.268  0.045   136.437     3.401 0.193  0.125 -0.086 -0.069  0.011 0.167 0.100 0.200 25.044
  180    4501.27    22.1 1.115  -0.77  4.247  0.050   146.293     2.663 0.196  0.025  0.060 -0.120  0.062 0.150 0.100 0.187 28.596
  181   4508.281    26.1 2.856  -2.42  6.382  0.055    88.548     2.430 0.167 -0.030  0.205 -0.083  0.049 0.229 0.100 0.255 15.328
  182   4512.734    22.0 0.835   -0.4  3.854  0.036    64.475     1.803 0.141  0.130 -0.005 -0.041 -0.001 0.136 0.100 0.173 33.440
  183   4515.334    26.1 2.844   -2.6  6.492  0.076    85.691     3.278 0.160 -0.030  0.209 -0.081  0.050 0.232 0.100 0.263 14.405
  184   4518.022    22.0 0.825  -0.25  3.829  0.044    70.814     2.039 0.141  0.132 -0.009 -0.054 -0.004 0.143 0.100 0.180 30.889
  185   4518.332    22.1 1.079  -2.56  4.111  0.046    66.241     2.187 0.143  0.006  0.215 -0.045  0.056 0.227 0.100 0.252 15.738
  186   4520.221    26.1 2.807  -2.65  6.353  0.048    79.357     2.072 0.160 -0.030  0.216 -0.073  0.051 0.236 0.100 0.260 14.751
  188   4527.304    22.0 0.812  -0.45  4.358  0.043    86.497     1.813 0.168  0.137 -0.023 -0.080 -0.008 0.161 0.100 0.194 26.587
  191   4531.148    26.0 1.484   -2.1  6.406  0.053   125.427     2.794 0.176  0.146 -0.075 -0.105  0.002 0.195 0.100 0.225 19.693
  192   4533.239    22.0 0.848   0.54  3.615  0.050    95.372     2.141 0.154  0.137 -0.036 -0.091 -0.009 0.169 0.100 0.202 24.433
  193   4534.776    22.0 0.835   0.35  3.658  0.059    89.070     2.403 0.150  0.137 -0.028 -0.087 -0.011 0.165 0.100 0.202 24.555
  195   4544.687    22.0 0.818  -0.45  4.289  0.062    83.324     2.735 0.179  0.135 -0.020 -0.075 -0.009 0.156 0.100 0.195 26.194
  196   4545.133    22.1 1.130  -2.45  4.355  0.059    80.043     2.554 0.194  0.006  0.216 -0.070  0.056 0.234 0.100 0.261 14.661
  197   4547.847    26.0 3.544  -0.82  6.206  0.056    70.976     2.469 0.166  0.086  0.003 -0.065  0.001 0.108 0.100 0.157 40.375
  198   4548.764    22.0 0.825  -0.28  3.968  0.054    76.298     2.467 0.170  0.133 -0.014 -0.064 -0.008 0.148 0.100 0.187 28.602
  199   4555.483    22.0 0.848   -0.4  3.811  0.042    61.512     2.182 0.145  0.129 -0.007 -0.038  0.000 0.135 0.100 0.173 33.446
  202   4571.096    12.0 0.000 -5.623  6.690  0.042   117.307     1.918 0.162  0.172 -0.007 -0.081 -0.024 0.192 0.100 0.220 20.604
  204   4576.328    26.1 2.844  -2.95  6.235  0.045    59.543     2.190 0.155 -0.030  0.226 -0.039  0.049 0.236 0.100 0.261 14.722
  205   4580.048    24.0 0.941  -1.66  4.778  0.049    80.006     2.039 0.164  0.131 -0.013 -0.077 -0.011 0.153 0.100 0.189 27.947
  206   4582.835    26.1 2.844  -3.18  6.348  0.037    53.241     1.664 0.146 -0.029  0.228 -0.032  0.050 0.237 0.100 0.260 14.767
  207   4583.409    22.1 1.164  -2.84  4.168  0.029    50.306     1.563 0.152  0.005  0.216 -0.024  0.054 0.224 0.100 0.247 16.389
  208   4583.829    26.1 2.807  -1.94  6.579  0.046   125.317     2.826 0.205 -0.019  0.152 -0.083  0.048 0.181 0.100 0.212 22.334
  209   4588.198    24.1 4.068  -0.65  4.329  0.034    53.592     1.614 0.153 -0.044  0.211 -0.037  0.037 0.222 0.100 0.246 16.569
  210   4591.391    24.0 0.968  -1.74  4.480  0.033    61.394     1.674 0.149  0.126 -0.004 -0.040 -0.001 0.132 0.100 0.169 34.986
  211   4592.053    24.1 4.070   -1.3  4.338  0.073    24.333     2.946 0.146 -0.034  0.208 -0.009  0.025 0.212 0.100 0.246 16.541
  214     4602.0    26.0 1.607  -3.13  6.400  0.049    74.344     2.166 0.156  0.134  0.006 -0.067 -0.004 0.150 0.100 0.187 28.654
  215   4602.941    26.0 1.484  -2.21  6.492  0.064   120.322     2.725 0.176  0.150 -0.070 -0.131 -0.006 0.211 0.100 0.242 17.038
  216   4604.988    28.0 3.477  -0.24  4.836  0.040    51.193     2.088 0.170  0.073  0.024 -0.029  0.012 0.083 0.100 0.136 54.080
  217   4607.331    38.0 0.000  0.283  1.284  0.052    21.523     1.993 0.134  0.118 -0.002 -0.008  0.005 0.118 0.100 0.163 37.422
  218   4607.647    26.0 3.263  -1.33  6.282  0.043    66.067     1.997 0.158  0.095  0.006 -0.052  0.005 0.109 0.100 0.154 42.301
  219   4609.265    22.1 1.179  -3.32  4.163  0.057    25.008     2.498 0.150  0.007  0.214 -0.010  0.050 0.220 0.100 0.248 16.209
  220   4616.124    24.0 0.982  -1.19  4.350  0.053    80.135     2.051 0.157  0.129 -0.007 -0.075 -0.007 0.150 0.100 0.188 28.430
  221   4617.269    22.0 1.748   0.44  3.767  0.032    50.676     1.695 0.152  0.107 -0.003 -0.028  0.000 0.111 0.100 0.153 42.979
  222   4619.288    26.0 3.600  -1.06  6.225  0.031    59.047     1.551 0.148  0.084 -0.001 -0.037  0.008 0.092 0.100 0.139 51.409
  223   4620.513    26.1 2.828  -3.21  6.335  0.036    52.161     1.661 0.160 -0.029  0.228 -0.031  0.050 0.237 0.100 0.260 14.797
  224   4623.097    22.0 1.738   0.16  3.749  0.044    35.446     2.171 0.143  0.108  0.002 -0.013  0.004 0.109 0.100 0.154 42.034
  225   4625.045    26.0 3.239  -1.27  6.361  0.044    75.068     2.063 0.157  0.095 -0.027 -0.060  0.008 0.116 0.100 0.159 39.440
  226   4626.173    24.0 0.968  -1.33  4.343  0.044    74.445     1.980 0.150  0.128 -0.006 -0.064 -0.005 0.143 0.100 0.180 30.790
  227   4629.332    26.1 2.807  -2.26  6.214  0.043    90.836     1.868 0.168 -0.029  0.204 -0.086  0.051 0.229 0.100 0.254 15.551
  228    4630.12    26.0 2.277  -2.58  6.580  0.043    74.281     2.027 0.163  0.117  0.000 -0.059  0.002 0.131 0.100 0.170 34.454
  230   4634.073    24.1 4.069  -1.05  4.435  0.040    39.531     1.898 0.150 -0.040  0.211 -0.021  0.031 0.218 0.100 0.243 16.914
  231   4637.503    26.0 3.281  -1.29  6.359  0.039    71.993     1.846 0.158  0.094 -0.022 -0.054  0.008 0.111 0.100 0.154 41.978
  233   4646.162    24.0 1.029  -0.74  4.423  0.046    99.380     1.847 0.168  0.135 -0.034 -0.107 -0.013 0.176 0.100 0.208 23.193
  234   4648.652    28.0 3.417  -0.09  4.786  0.150    59.790     7.346 0.154  0.076  0.017 -0.040  0.012 0.088 0.100 0.201 24.808
  236   4651.291    24.0 0.982  -1.46  4.253  0.037    63.631     1.814 0.143  0.126 -0.004 -0.043 -0.001 0.133 0.100 0.171 34.350
  237   4652.157    24.0 1.003  -1.04  4.410  0.050    88.085     2.070 0.158  0.132 -0.016 -0.088 -0.011 0.160 0.100 0.195 26.284
  238   4657.201    22.1 1.242  -2.29  4.187  0.050    74.754     2.337 0.159  0.002  0.213 -0.059  0.056 0.228 0.100 0.254 15.506
  239   4675.117    22.0 1.066  -1.29  4.041  0.051    17.793     1.767 0.144  0.122 -0.001 -0.004  0.005 0.122 0.100 0.166 36.327
  240   4678.846    26.0 3.600  -0.68  6.280  0.043    80.167     1.999 0.164  0.088 -0.031 -0.067  0.008 0.115 0.100 0.158 39.828
  241   4686.213    28.0 3.594  -0.59  4.843  0.031    27.899     1.393 0.146  0.070  0.033 -0.010  0.013 0.079 0.100 0.131 58.072
  242   4702.991    12.0 4.346  -0.44  6.154  0.024   128.136     2.088 0.184  0.070 -0.145 -0.032  0.027 0.166 0.100 0.196 26.140
  243   4707.275    26.0 3.241  -0.96  6.325  0.056    88.164     2.633 0.171  0.099 -0.054 -0.075  0.009 0.136 0.100 0.178 31.686
  244   4708.663    22.1 1.236  -2.35  4.083  0.039    67.615     1.833 0.149  0.002  0.215 -0.047  0.056 0.227 0.100 0.251 15.849
  245   4714.417    28.0 3.377   0.25  4.869  0.067    82.161     3.066 0.166  0.082 -0.017 -0.071  0.012 0.110 0.100 0.163 37.470
  246    4722.15    30.0 4.030  -0.37  3.305  0.036    47.259     1.793 0.165  0.005  0.144 -0.029  0.038 0.152 0.100 0.185 29.118
  247   4727.395    26.0 3.684  -1.06  6.530  0.046    69.017     2.158 0.177  0.083 -0.003 -0.055  0.006 0.100 0.100 0.149 45.298
  248   4733.591    26.0 1.484  -2.99  6.499  0.053    90.754     2.191 0.173  0.143 -0.001 -0.096 -0.010 0.173 0.100 0.206 23.487
  249   4736.773    26.0 3.209  -0.67  6.269  0.044   101.196     2.198 0.174  0.103 -0.086 -0.083  0.012 0.158 0.100 0.192 27.045
  250   4756.515    28.0 3.477  -0.27  4.803  0.036    48.413     1.889 0.157  0.073  0.026 -0.027  0.011 0.083 0.100 0.135 55.090
  252   4763.883    22.1 1.220   -2.4  4.438  0.035    82.962     1.573 0.176  0.003  0.215 -0.073  0.056 0.234 0.100 0.257 15.169
  253   4764.525    22.1 1.236  -2.69  4.233  0.037    58.408     1.959 0.188  0.003  0.222 -0.033  0.056 0.231 0.100 0.255 15.411
  254   4772.804    26.0 1.556   -2.9  6.331  0.047    84.418     2.018 0.157  0.139  0.003 -0.089 -0.013 0.166 0.100 0.199 25.233
  259    4810.53    30.0 4.078  -0.15  3.179  0.033    49.506     1.578 0.139  0.003  0.145 -0.032  0.039 0.154 0.100 0.186 28.844
  262   4831.176    28.0 3.603  -0.32  4.859  0.045    41.802     2.308 0.168  0.070  0.029 -0.019  0.013 0.079 0.100 0.135 54.654
  263   4840.874    22.0 0.899  -0.43  3.873  0.038    61.858     2.004 0.158  0.130 -0.005 -0.037 -0.001 0.135 0.100 0.172 33.625
  268    4865.61    22.1 1.115   -2.7  4.052  0.035    55.874     1.915 0.144  0.005  0.222 -0.029  0.057 0.231 0.100 0.254 15.474
  269   4866.271    28.0 3.536  -0.22  4.695  0.042    42.157     2.096 0.152  0.071  0.033 -0.020  0.012 0.082 0.100 0.136 54.233
  270   4870.125    22.0 2.248   0.44  3.763  0.043    23.611     1.860 0.170  0.093  0.000 -0.008  0.005 0.093 0.100 0.143 48.572
  271   4871.318    26.0 2.865  -0.34  6.055  0.038   131.977     2.701 0.190  0.116 -0.140 -0.070  0.022 0.196 0.100 0.223 20.046
  273   4874.009    22.1 3.092  -0.86  3.853  0.043    29.069     1.931 0.154 -0.024  0.213 -0.011  0.037 0.218 0.100 0.243 16.868
  274   4885.079    22.0 1.886   0.41  3.783  0.036    42.687     1.991 0.156  0.104 -0.002 -0.018  0.003 0.106 0.100 0.150 44.543
  276   4890.755    26.0 2.876  -0.38  6.199  0.031   139.121     2.427 0.190  0.116 -0.151 -0.064  0.026 0.203 0.100 0.228 19.234
  277    4903.31    26.0 2.882  -0.89  6.306  0.045   112.536     2.547 0.183  0.114 -0.099 -0.081  0.012 0.172 0.100 0.204 24.080
  278   4910.017    26.0 3.394  -1.28  6.181  0.039    57.760     2.030 0.160  0.088  0.010 -0.037  0.006 0.096 0.100 0.144 48.144
  280   4913.613    22.0 1.872   0.22  3.823  0.042    35.733     2.178 0.172  0.103  0.002 -0.014  0.004 0.104 0.100 0.150 44.267
  283   4923.922    26.1 2.891  -1.26  6.082  0.049   133.912     3.325 0.217 -0.020  0.146 -0.078  0.051 0.174 0.100 0.207 23.363
  285   4946.388    26.0 3.368  -1.11  6.350  0.040    77.083     1.933 0.170  0.094 -0.028 -0.060  0.007 0.115 0.100 0.158 40.209
  286   4966.089    26.0 3.329  -0.79  6.388  0.054    96.504     2.671 0.176  0.101 -0.071 -0.078  0.010 0.146 0.100 0.185 29.118
  287   4973.102    26.0 3.960  -0.69  6.245  0.041    60.019     2.140 0.177  0.077 -0.002 -0.038  0.007 0.086 0.100 0.138 52.334
  289   4980.173    28.0 3.603   0.07  4.760  0.046    57.597     2.371 0.188  0.072  0.016 -0.035  0.013 0.083 0.100 0.138 52.768
  290   4985.253    26.0 3.926  -0.44  6.023  0.058    62.763     2.793 0.169  0.078  0.003 -0.043  0.007 0.089 0.100 0.146 46.825
  292    4994.13    26.0 0.914  -2.97  6.299  0.076   113.844     3.353 0.186  0.167 -0.035 -0.116 -0.020 0.207 0.100 0.242 17.022
  293   4997.097    22.0 0.000  -2.07  4.061  0.051    38.784     2.819 0.177  0.149  0.001 -0.013  0.000 0.150 0.100 0.187 28.593
  294   4998.224    28.0 3.603   -0.7  4.840  0.052    23.333     2.142 0.170  0.070  0.033 -0.008  0.013 0.079 0.100 0.138 52.835
  295   4999.503    22.0 0.825   0.32  3.810  0.063    99.409     2.847 0.178  0.143 -0.036 -0.090 -0.015 0.173 0.100 0.210 22.707
  296   5001.864    26.0 3.882  -0.01  6.032  0.060    87.253     2.878 0.178  0.085 -0.045 -0.071  0.008 0.120 0.100 0.167 35.770
  297   5005.167    22.1 1.565  -2.73  4.067  0.050    29.186     2.377 0.162 -0.001  0.214 -0.009  0.051 0.220 0.100 0.247 16.399
  298   5005.712    26.0 3.884  -0.12  6.056  0.063    81.409     2.776 0.176  0.084 -0.022 -0.072  0.005 0.113 0.100 0.163 37.427
  300   5009.645    22.0 0.021   -2.2  4.026  0.048    29.053     2.328 0.166  0.148 -0.002 -0.008  0.001 0.148 0.100 0.185 29.173
  301   5012.068    26.0 0.858   -2.6  6.448  0.052   142.231     2.903 0.192  0.168 -0.107 -0.116 -0.004 0.231 0.100 0.257 15.186
  302   5013.686    22.1 1.581  -2.14  4.123  0.061    62.077     3.127 0.187 -0.005  0.217 -0.042  0.057 0.228 0.100 0.257 15.186
  303   5014.943    26.0 3.940  -0.18  6.033  0.054    76.118     2.624 0.176  0.081 -0.024 -0.058  0.008 0.103 0.100 0.153 42.586
  304   5016.161    22.0 0.848  -0.48  3.859  0.041    62.633     2.195 0.160  0.131 -0.005 -0.036 -0.002 0.136 0.100 0.174 33.148
  305   5017.576    28.0 3.536  -0.03  4.718  0.040    54.037     2.075 0.156  0.073  0.024 -0.031  0.013 0.084 0.100 0.137 53.660
  306   5018.435    26.1 2.891   -1.1  6.248  0.033   161.277     3.182 0.242 -0.016  0.121 -0.057  0.052 0.144 0.100 0.179 31.309
  307   5020.026    22.0 0.835  -0.33  3.759  0.050    66.147     2.602 0.153  0.134 -0.005 -0.040 -0.003 0.140 0.100 0.179 31.161
  308   5022.236    26.0 3.984  -0.33  6.046  0.045    67.025     2.211 0.163  0.078 -0.010 -0.046  0.007 0.091 0.100 0.143 49.080
  309   5022.868    22.0 0.825  -0.33  3.671  0.039    62.042     2.088 0.154  0.133 -0.004 -0.035 -0.002 0.138 0.100 0.175 32.834
  310   5024.844    22.0 0.818  -0.53  3.991  0.048    68.819     2.391 0.178  0.134 -0.006 -0.045 -0.004 0.142 0.100 0.180 30.923
  311   5028.126    26.0 3.573  -1.02  6.142  0.060    59.374     2.915 0.179  0.086  0.010 -0.038  0.006 0.095 0.100 0.150 44.293
  312   5035.362    28.0 3.633   0.29  4.599  0.043    59.212     2.174 0.155  0.072  0.016 -0.036  0.013 0.083 0.100 0.137 53.319
  313   5036.464    22.0 1.442   0.14  3.916  0.052    63.229     2.651 0.191  0.117 -0.006 -0.037  0.000 0.123 0.100 0.167 35.973
  314   5038.398    22.0 1.429   0.02  3.725  0.060    46.854     3.256 0.144  0.115 -0.002 -0.020  0.003 0.117 0.100 0.165 36.712
  315   5039.957    22.0 0.021  -1.08  3.873  0.053    80.591     2.515 0.163  0.157 -0.009 -0.065 -0.014 0.171 0.100 0.205 23.832
  320   5064.653    22.0 0.048  -0.94  3.825  0.092    83.683     4.024 0.180  0.158 -0.009 -0.068 -0.015 0.173 0.100 0.220 20.679
  322   5079.224    26.0 2.196   -2.1  6.459  0.102    96.885     4.716 0.167  0.128 -0.023 -0.089 -0.006 0.158 0.100 0.213 22.087
  323    5079.74    26.0 0.989  -3.25  6.465  0.304   106.005    13.472 0.172  0.164 -0.021 -0.110 -0.020 0.200 0.100 0.377  7.030
  324   5080.533    28.0 3.652   0.32  4.668  0.076    63.404     3.885 0.168  0.072  0.011 -0.042  0.013 0.085 0.100 0.152 43.450
  325   5083.339    26.0 0.957  -2.84  6.373  0.104   121.894     4.834 0.184  0.168 -0.053 -0.119 -0.019 0.213 0.100 0.258 15.067
  332   5120.415    22.0 2.576   0.48  4.070  0.125    23.647     5.514 0.208  0.086  0.002 -0.007  0.005 0.086 0.100 0.182 30.211
  334    5127.36    26.0 0.914  -3.25  6.410  0.104   107.923     4.560 0.184  0.167 -0.022 -0.111 -0.022 0.203 0.100 0.249 16.130
  336   5133.689    26.0 4.175   0.36  6.114  0.080    95.430     4.266 0.200  0.080 -0.067 -0.070  0.011 0.126 0.100 0.180 30.949
  339    5145.46    22.0 1.459  -0.54  3.841  0.104    23.150     4.510 0.192  0.113  0.000 -0.006  0.004 0.113 0.100 0.183 29.728
  340    5150.84    26.0 0.989  -3.04  6.362  0.098   111.471     4.375 0.199  0.167 -0.029 -0.112 -0.021 0.204 0.100 0.248 16.308
  343   5171.596    26.0 1.484  -1.72  6.356  0.068   149.753     4.397 0.208  0.154 -0.138 -0.102  0.009 0.231 0.100 0.261 14.734
  344   5172.684    12.0 2.712 -0.393  6.295  0.146   422.133    66.087 0.192  0.110 -0.237 -0.007  0.054 0.267 0.100 0.320  9.751
  345   5173.743    22.0 0.000  -1.06  4.056  0.105    91.918     4.809 0.183  0.163 -0.017 -0.086 -0.027 0.187 0.100 0.237 17.854
  346   5183.604    12.0 2.717 -0.167  6.274  0.427   517.489   301.470 0.139  0.109 -0.240 -0.004  0.057 0.270 0.100 0.515  3.773
  347   5185.902    22.1 1.891  -1.41  4.092  0.077    80.057     3.638 0.192 -0.011  0.215 -0.064  0.057 0.232 0.100 0.264 14.363
  348   5192.969    22.0 0.021  -0.95  4.368  0.083   109.900     3.766 0.195  0.170 -0.040 -0.105 -0.030 0.206 0.100 0.244 16.859
  349   5194.942    26.0 1.556  -2.02  6.272  0.085   124.596     4.216 0.195  0.153 -0.073 -0.115 -0.012 0.205 0.100 0.244 16.854
  350   5197.568    26.1 3.230  -2.22  6.168  0.073    74.417     3.846 0.175 -0.041  0.224 -0.048  0.054 0.239 0.100 0.269 13.811
  353   5210.384    22.0 0.048  -0.82  4.162  0.089   105.235     4.022 0.174  0.168 -0.033 -0.102 -0.028 0.201 0.100 0.242 17.117
  354    5211.53    22.1 2.588  -1.41  4.000  0.052    36.152     2.595 0.177 -0.019  0.217 -0.014  0.046 0.223 0.100 0.250 16.008
  355   5215.181    26.0 3.263  -0.86  6.115  0.069    85.154     3.417 0.167  0.100 -0.042 -0.066  0.007 0.127 0.100 0.176 32.330
  356   5216.274    26.0 1.607  -2.08  6.308  0.106   120.956     5.142 0.187  0.153 -0.064 -0.113 -0.013 0.201 0.100 0.248 16.213
  357   5217.389    26.0 3.209  -1.07  6.320  0.091    87.732     4.534 0.188  0.101 -0.046 -0.069  0.006 0.131 0.100 0.188 28.252
  358   5219.702    22.0 0.021  -2.22  4.061  0.071    30.524     3.641 0.201  0.148 -0.003 -0.010  0.000 0.148 0.100 0.192 26.987
  360    5227.19    26.0 1.556  -1.23  6.252  0.046   174.141     4.231 0.222  0.149 -0.185 -0.076  0.028 0.251 0.100 0.274 13.315
  362   5234.624    26.1 3.221  -2.18  6.251  0.061    78.266     2.896 0.166 -0.043  0.219 -0.064  0.056 0.239 0.100 0.266 14.131
  363   5242.491    26.0 3.632  -0.83  6.061  0.062    62.171     3.106 0.160  0.085  0.008 -0.044  0.002 0.096 0.100 0.152 43.339
  364   5247.565    24.0 0.960  -1.59  4.406  0.066    69.475     3.363 0.162  0.131 -0.007 -0.050 -0.007 0.141 0.100 0.185 29.312
  368   5263.306    26.0 3.263  -0.87  6.365  0.065    97.453     3.389 0.197  0.103 -0.069 -0.074  0.008 0.145 0.100 0.187 28.461
  369   5264.801    26.1 3.230  -3.13  6.357  0.063    36.604     2.953 0.176 -0.036  0.228 -0.016  0.047 0.236 0.100 0.264 14.344
  372   5269.537    26.0 0.858  -1.33  6.147  0.033   241.479     5.716 0.295  0.160 -0.224 -0.038  0.052 0.283 0.100 0.302 10.987
  374   5275.997    26.1 3.199  -2.01  6.540  0.123   106.862     7.581 0.219 -0.036  0.200 -0.068  0.051 0.220 0.100 0.271 13.578
  375   5283.621    26.0 3.239  -0.45  6.377  0.062   123.733     4.184 0.234  0.108 -0.128 -0.072  0.017 0.183 0.100 0.218 21.112
  376    5284.08    26.1 2.891  -3.11  6.352  0.067    55.240     3.343 0.190 -0.036  0.230 -0.041  0.054 0.242 0.100 0.271 13.646
  378   5296.691    24.0 0.982  -1.36  4.453  0.068    81.873     3.212 0.176  0.133 -0.017 -0.071 -0.010 0.152 0.100 0.194 26.494
  380   5302.303    26.0 3.281  -0.73  6.275  0.049    99.256     2.587 0.198  0.103 -0.073 -0.075  0.008 0.147 0.100 0.184 29.387
  381   5307.361    26.0 1.607  -2.91  6.389  0.085    88.039     3.764 0.180  0.142 -0.003 -0.081 -0.010 0.164 0.100 0.210 22.696
  382   5324.179    26.0 3.211  -0.11  5.969  0.054   121.456     3.500 0.193  0.110 -0.120 -0.074  0.016 0.180 0.100 0.212 22.149
  383   5325.543    26.1 3.221  -3.16  6.318  0.074    33.723     3.533 0.185 -0.035  0.227 -0.015  0.044 0.234 0.100 0.265 14.206
  384   5328.039    26.0 0.914  -1.47  6.262  0.039   229.755     6.188 0.276  0.159 -0.219 -0.043  0.048 0.278 0.100 0.298 11.246
  386     5332.9    26.0 1.556  -2.78  6.358  0.165    95.218     7.334 0.180  0.147 -0.011 -0.093 -0.017 0.175 0.100 0.261 14.729
  387   5336.786    22.1 1.581   -1.6  4.234  0.080    94.700     3.622 0.202 -0.003  0.207 -0.089  0.057 0.232 0.100 0.265 14.199
  388   5339.929    26.0 3.263  -0.63  6.261  0.070   105.065     3.889 0.202  0.105 -0.085 -0.076  0.010 0.155 0.100 0.198 25.623
  390   5345.796    24.0 1.003  -0.95  4.443  0.087    99.542     4.002 0.209  0.141 -0.037 -0.089 -0.015 0.171 0.100 0.217 21.292
  391   5348.314    24.0 1.003  -1.21  4.426  0.060    86.746     2.789 0.168  0.135 -0.022 -0.076 -0.013 0.157 0.100 0.196 26.140
  392   5349.465    20.0 2.709  -0.31  5.110  0.058    60.723     3.121 0.178  0.070 -0.014 -0.030  0.004 0.078 0.100 0.139 51.608
  393   5371.489    26.0 0.957  -1.64  6.294  0.037   205.740     4.618 0.272  0.161 -0.203 -0.058  0.039 0.268 0.100 0.289 11.993
  394   5381.022    22.1 1.565  -1.97  4.314  0.080    82.484     3.866 0.216 -0.004  0.217 -0.064  0.058 0.234 0.100 0.266 14.091
  395   5393.168    26.0 3.241  -0.72  6.313  0.070   104.516     3.856 0.203  0.106 -0.081 -0.076  0.009 0.154 0.100 0.196 25.937
  396   5396.247    22.1 1.583  -3.18  4.116  0.080    14.180     2.362 0.135 -0.001  0.214 -0.004  0.051 0.220 0.100 0.255 15.429
  397   5397.128    26.0 0.914  -1.98  6.304  0.055   177.526     4.828 0.238  0.166 -0.167 -0.082  0.019 0.250 0.100 0.275 13.235
  398   5405.775    26.0 0.989  -1.85  6.286  0.046   180.319     4.238 0.243  0.164 -0.172 -0.078  0.022 0.251 0.100 0.274 13.304
  399   5409.783    24.0 1.029  -0.67  4.535  0.077   116.323     3.969 0.224  0.144 -0.069 -0.100 -0.017 0.189 0.100 0.227 19.336
  400   5414.089    26.1 3.221  -3.58  6.269  0.100    15.655     3.160 0.175 -0.032  0.223 -0.006  0.038 0.229 0.100 0.269 13.844
  401   5418.768    22.1 1.581  -2.13  3.978  0.056    56.392     3.107 0.179 -0.006  0.222 -0.030  0.058 0.231 0.100 0.258 14.988
  403   5434.524    26.0 1.010  -2.13  6.422  0.056   167.191     4.296 0.236  0.166 -0.151 -0.094  0.010 0.244 0.100 0.269 13.806
  410   5528.405    12.0 4.346 -0.498  6.390  0.039   140.305     3.527 0.215  0.072 -0.127 -0.037  0.018 0.152 0.100 0.186 28.962
  411   5534.834    26.1 3.245  -2.75  6.255  0.051    50.257     2.605 0.174 -0.040  0.218 -0.026  0.053 0.229 0.100 0.255 15.335
  412   5569.618    26.0 3.414  -0.52  6.270  0.049   104.176     2.789 0.209  0.102 -0.085 -0.074  0.008 0.152 0.100 0.189 28.113
  413   5572.842    26.0 3.394  -0.28  6.407  0.046   129.042     3.364 0.250  0.107 -0.136 -0.067  0.018 0.186 0.100 0.217 21.333
  414   5581.965    20.0 2.523 -0.555  5.281  0.058    68.039     2.969 0.196  0.075 -0.011 -0.038  0.001 0.085 0.100 0.143 48.648
  415   5586.756    26.0 3.366  -0.11  6.176  0.042   126.802     2.969 0.226  0.108 -0.130 -0.069  0.017 0.183 0.100 0.213 22.037
  416   5587.858    28.0 1.934  -2.39  4.953  0.043    37.672     2.134 0.166  0.111  0.039 -0.012  0.012 0.119 0.100 0.161 38.491
  417   5588.749    20.0 2.524   0.21  5.280  0.059   106.456     2.984 0.205  0.085 -0.063 -0.077 -0.004 0.131 0.100 0.175 32.657
  418   5590.114    20.0 2.521 -0.571  5.251  0.053    65.691     2.878 0.206  0.075 -0.010 -0.036  0.001 0.084 0.100 0.141 50.424
  419   5594.462    20.0 2.523  0.097  5.511  0.114   112.633     6.128 0.206  0.087 -0.075 -0.079 -0.003 0.139 0.100 0.206 23.562
  421   5601.277    20.0 2.526 -0.523  5.312  0.052    71.204     2.725 0.200  0.076 -0.013 -0.043 -0.001 0.088 0.100 0.143 48.780
  422   5615.644    26.0 3.332   0.04  6.082  0.051   133.407     3.903 0.235  0.108 -0.140 -0.066  0.019 0.190 0.100 0.220 20.583
  423   5624.542    26.0 3.414  -0.76  6.323  0.046    94.352     2.412 0.219  0.100 -0.060 -0.070  0.007 0.136 0.100 0.175 32.609
  424   5644.134    22.0 2.266   0.12  3.762  0.113    13.412     3.301 0.170  0.094  0.001 -0.003  0.003 0.094 0.100 0.178 31.621
  426   5662.516    26.0 4.175  -0.41  6.112  0.047    56.478     2.457 0.190  0.073  0.006 -0.035  0.005 0.081 0.100 0.137 53.121
  428   5682.633    11.0 2.102 -0.706  4.724  0.082    20.119     3.286 0.274  0.056 -0.001 -0.003  0.005 0.056 0.100 0.141 50.261
  430   5688.203    11.0 2.104 -0.406  4.684  0.053    31.802     2.840 0.247  0.056 -0.006 -0.006  0.005 0.057 0.100 0.127 62.332
  431   5690.425    14.0 4.930  -1.87  6.350  0.102    13.616     2.989 0.233  0.034  0.058 -0.003  0.016 0.069 0.100 0.159 39.698
  433   5708.397    14.0 4.954  -1.47  6.593  0.059    39.501     3.310 0.209  0.031  0.055 -0.012  0.016 0.066 0.100 0.134 55.966
  434   5711.088    12.0 4.343 -1.724  6.528  0.043    61.120     2.667 0.213  0.060 -0.002 -0.021  0.003 0.064 0.100 0.126 62.877
  435   5754.656    28.0 1.934  -2.22  5.166  0.061    59.324     3.202 0.222  0.112  0.034 -0.035  0.008 0.122 0.100 0.169 34.830
  436   5762.992    26.0 4.209  -0.36  6.291  0.044    67.456     2.315 0.219  0.074 -0.012 -0.044  0.006 0.087 0.100 0.140 51.206
  437   5772.145    14.0 5.082  -1.75  6.438  0.092    14.931     2.914 0.126  0.029  0.056 -0.005  0.015 0.065 0.100 0.151 44.068
  440   5857.451    20.0 2.930   0.23  5.267  0.041    86.074     2.139 0.208  0.071 -0.050 -0.055  0.002 0.103 0.100 0.149 44.940
  441   5866.451    22.0 1.066  -0.79  3.912  0.040    37.793     2.045 0.148  0.127  0.001 -0.013  0.001 0.128 0.100 0.167 35.841
  442   5889.951    11.0 0.000  0.108  4.674  0.022   238.291     3.491 0.275  0.123 -0.199 -0.034  0.025 0.238 0.100 0.259 14.926
  443   5892.872    28.0 1.984  -2.22  5.224  0.046    59.900     2.404 0.205  0.111  0.034 -0.035  0.008 0.122 0.100 0.164 37.198
  445   5948.545    14.0 5.082 -1.231  6.490  0.047    39.558     2.626 0.227  0.030  0.054 -0.013  0.017 0.065 0.100 0.128 60.665
  446   6102.723    20.0 1.879 -0.793  5.460  0.046   108.340     2.795 0.234  0.102 -0.094 -0.062  0.002 0.152 0.100 0.188 28.405
  447   6108.116    28.0 1.675   -2.6  5.066  0.036    50.105     2.053 0.197  0.116  0.038 -0.025  0.009 0.125 0.100 0.164 37.171
  448   6122.217    20.0 1.886 -0.316  5.385  0.037   134.795     2.864 0.240  0.106 -0.145 -0.058  0.011 0.189 0.100 0.217 21.224
  449   6162.173    20.0 1.899  -0.09  5.299  0.032   145.164     2.774 0.232  0.106 -0.161 -0.054  0.014 0.201 0.100 0.226 19.495
  450   6169.042    20.0 2.523 -0.797  5.378  0.039    62.429     2.232 0.198  0.076 -0.025 -0.029  0.003 0.085 0.100 0.137 53.268
  451   6169.563    20.0 2.526 -0.478  5.228  0.033    71.944     1.890 0.191  0.078 -0.037 -0.038  0.003 0.094 0.100 0.141 50.010
  453    6219.28    26.0 2.196  -2.45  6.480  0.052    87.739     2.630 0.222  0.130 -0.002 -0.069 -0.010 0.148 0.100 0.186 29.011
  454   6238.375    26.1 3.889   -2.8  6.503  0.059    26.610     2.491 0.239 -0.049  0.226 -0.011  0.042 0.235 0.100 0.262 14.526
  455   6246.319    26.0 3.600  -0.77  6.264  0.043    82.296     2.304 0.214  0.093 -0.036 -0.057  0.004 0.115 0.100 0.158 39.904
  456   6247.559    26.1 3.892   -2.3  6.263  0.053    37.986     2.552 0.226 -0.052  0.228 -0.018  0.048 0.239 0.100 0.265 14.260
  457   6265.134    26.0 2.174  -2.54  6.327  0.052    76.812     2.687 0.201  0.125  0.006 -0.056 -0.007 0.137 0.100 0.178 31.695
  460    6335.33    26.0 2.196  -2.18  6.285  0.064    92.157     3.274 0.226  0.131 -0.006 -0.073 -0.013 0.151 0.100 0.192 27.180
  461   6336.824    26.0 3.684  -0.85  6.321  0.046    76.415     2.489 0.237  0.090 -0.027 -0.050  0.005 0.107 0.100 0.153 42.606
  463   6400.001    26.0 3.603  -0.27  6.450  0.050   123.054     3.507 0.288  0.104 -0.115 -0.067  0.011 0.169 0.100 0.203 24.300
  464   6408.018    26.0 3.684  -0.99  6.309  0.040    66.784     2.062 0.215  0.087  0.005 -0.045  0.002 0.098 0.100 0.146 47.116
  465   6411.649    26.0 3.651  -0.59  6.278  0.044    90.359     2.418 0.236  0.095 -0.051 -0.062  0.004 0.124 0.100 0.166 36.466
  466   6430.846    26.0 2.174  -1.95  6.428  0.051   113.715     2.896 0.235  0.139 -0.027 -0.086 -0.019 0.167 0.100 0.201 24.747
  467   6432.677    26.1 2.891  -3.57  6.430  0.040    37.924     2.074 0.226 -0.037  0.231 -0.017  0.054 0.241 0.100 0.264 14.381
  468   6439.075    20.0 2.524   0.47  5.331  0.036   127.657     2.225 0.250  0.093 -0.099 -0.078 -0.006 0.157 0.100 0.189 27.881
  469   6449.808    20.0 2.521 -0.502  5.337  0.051    76.066     2.631 0.231  0.079 -0.018 -0.047 -0.004 0.094 0.100 0.146 46.746
  470   6456.381    26.1 3.903  -2.05  6.169  0.048    45.186     2.399 0.212 -0.056  0.229 -0.026  0.053 0.243 0.100 0.267 14.012
  471    6499.65    20.0 2.523 -0.818  5.282  0.048    55.585     2.724 0.217  0.075 -0.006 -0.026  0.001 0.080 0.100 0.137 53.639
  472   6516.077    26.1 2.891  -3.37  6.392  0.040    46.424     2.109 0.197 -0.038  0.233 -0.023  0.059 0.244 0.100 0.267 14.017
  473    6643.63    28.0 1.675  -2.22  5.301  0.048    85.251     2.502 0.240  0.129  0.023 -0.067 -0.007 0.147 0.100 0.184 29.401
  476   6717.681    20.0 2.709 -0.524  5.354  0.034    66.223     2.018 0.246  0.073 -0.033 -0.032  0.002 0.086 0.100 0.136 53.755
  477   6767.772    28.0 1.825  -2.14  5.174  0.060    73.662     3.119 0.221  0.122  0.034 -0.053 -0.001 0.137 0.100 0.180 30.816
  483    7788.93    28.0 1.949  -2.18  5.207  0.037    70.191     2.108 0.259  0.117  0.031 -0.043  0.001 0.128 0.100 0.167 35.881
  485     5526.0    21.1   nan    nan  2.091  0.102 -9999.000 -9999.000 0.160 -0.022  0.187 -0.065  0.045 0.204 0.200 0.303 10.863
  486     5030.0    21.1   nan    nan  1.998  0.077 -9999.000 -9999.000 0.161 -0.025  0.219 -0.044  0.056 0.231 0.200 0.315 10.069
  487     4669.0    21.1   nan    nan  2.201  0.080 -9999.000 -9999.000 0.157 -0.016  0.207 -0.041  0.055 0.219 0.200 0.307 10.623
  488     4415.0    21.1   nan    nan  2.261  0.046 -9999.000 -9999.000 0.135  0.004  0.158 -0.019  0.038 0.163 0.200 0.262 14.529
  489     4399.0    21.1   nan    nan  2.286  0.101 -9999.000 -9999.000 0.134  0.068  0.271 -0.140  0.014 0.313 0.200 0.385  6.754
  490     4824.0    25.0   nan    nan  4.018  0.068 -9999.000 -9999.000 0.143  0.104  0.022 -0.068 -0.009 0.126 0.200 0.246 16.509
  491     4782.0    25.0   nan    nan  3.913  0.071 -9999.000 -9999.000 0.140  0.109 -0.007 -0.036 -0.008 0.115 0.200 0.241 17.168
  492     4766.0    25.0   nan    nan  3.739  0.027 -9999.000 -9999.000 0.135  0.077 -0.028 -0.006 -0.006 0.082 0.200 0.218 21.073
  493     4762.0    25.0   nan    nan  3.766  0.027 -9999.000 -9999.000 0.143  0.072 -0.025 -0.007 -0.005 0.077 0.200 0.216 21.434
  494     4753.0    25.0   nan    nan  3.962  0.052 -9999.000 -9999.000 0.150  0.088 -0.006 -0.039 -0.012 0.097 0.200 0.228 19.214
  495     4310.0   106.0   nan    nan  7.124  0.010 -9999.000 -9999.000 0.134  0.112 -0.056 -0.003  0.148 0.194 0.100 0.219 20.925
  496     4323.0   106.0   nan    nan  7.080  0.017 -9999.000 -9999.000 0.134  0.096 -0.054  0.005  0.136 0.175 0.100 0.203 24.386
  497     4246.0    21.1   nan    nan  2.660  0.035 -9999.000 -9999.000 0.125 -0.113 -0.001 -0.058 -0.079 0.149 0.200 0.252 15.764
  498     4313.0    21.1   nan    nan  2.395  0.118 -9999.000 -9999.000 0.131 -0.096  0.236 -0.140 -0.060 0.297 0.200 0.377  7.033
  499     4324.0    21.1   nan    nan  2.046  0.093 -9999.000 -9999.000 0.133  0.000  0.212 -0.133  0.010 0.251 0.200 0.334  8.981
  500     4040.0    25.0   nan    nan  3.844  0.105 -9999.000 -9999.000 0.149  0.000 -0.001 -0.034 -0.034 0.047 0.200 0.231 18.758
  501     4032.0    25.0   nan    nan  3.732  0.067 -9999.000 -9999.000 0.135  0.224 -0.171 -0.168  0.078 0.337 0.200 0.398  6.321
  502     3962.0    13.0   nan    nan  4.582  0.070 -9999.000 -9999.000 0.134  0.155 -0.216 -0.027  0.050 0.271 0.300 0.410  5.937
  504     3906.0    14.0   nan    nan  6.374  0.030 -9999.000 -9999.000 0.136  0.071 -0.106 -0.001  0.021 0.129 0.100 0.166 36.180
  505     4384.0    23.0   nan    nan  2.672  0.065 -9999.000 -9999.000 0.132  0.084  0.074 -0.032 -0.073 0.138 0.100 0.182 30.095
  506     4379.0    23.0   nan    nan  2.562  0.054 -9999.000 -9999.000 0.133  0.019  0.019 -0.024 -0.086 0.094 0.100 0.147 46.227
  507     4006.0    23.1   nan    nan  2.924  0.069 -9999.000 -9999.000 0.123 -0.002  0.198 -0.012  0.017 0.199 0.100 0.233 18.391
  508     3952.0    23.1   nan    nan  2.756  0.141 -9999.000 -9999.000 0.128 -0.002  0.235  0.006  0.042 0.239 0.100 0.295 11.511
  510     4020.0    27.0   nan    nan  3.992  0.062 -9999.000 -9999.000 0.121  0.121  0.021  0.001  0.014 0.123 0.100 0.170 34.533
  511     4110.0    27.0   nan    nan  4.205  0.111 -9999.000 -9999.000 0.133  0.060  0.126 -0.032  0.001 0.143 0.100 0.207 23.410
  512     4119.0    27.0   nan    nan  3.606  0.099 -9999.000 -9999.000 0.123  0.136 -0.014 -0.096 -0.037 0.171 0.100 0.222 20.358
  513     4121.0    27.0   nan    nan  3.629  0.100 -9999.000 -9999.000 0.126  0.147 -0.017 -0.102 -0.025 0.182 0.100 0.231 18.798
  514     5105.0    29.0   nan    nan  1.744  0.156 -9999.000 -9999.000 0.163  0.095  0.048  0.003  0.006 0.106 0.100 0.214 21.894
  515     4078.0    38.1   nan    nan  1.751  0.068 -9999.000 -9999.000 0.126  0.042  0.104 -0.022  0.086 0.143 0.100 0.187 28.476
  516     4215.0    38.1   nan    nan  1.603  0.060 -9999.000 -9999.000 0.131  0.067  0.056 -0.029  0.086 0.126 0.100 0.172 33.827
  517     4900.0    39.1   nan    nan  0.961  0.069 -9999.000 -9999.000 0.152  0.008  0.228 -0.053  0.063 0.243 0.100 0.271 13.581
  518     4884.0    39.1   nan    nan  0.827  0.072 -9999.000 -9999.000 0.151 -0.004  0.211 -0.040  0.061 0.223 0.100 0.255 15.385
  519     4397.0    39.1   nan    nan  0.737  0.072 -9999.000 -9999.000 0.134  0.015  0.226 -0.030  0.042 0.232 0.100 0.263 14.458
  520     4208.0    40.1   nan    nan  1.567  0.064 -9999.000 -9999.000 0.135 -0.044  0.242 -0.033 -0.012 0.249 0.100 0.276 13.172
  521     4554.0    56.1   nan    nan  1.222  0.050 -9999.000 -9999.000 0.144  0.048  0.024 -0.053  0.061 0.097 0.200 0.228 19.288
  523     5854.0    56.1   nan    nan  1.197  0.075 -9999.000 -9999.000 0.169  0.013  0.205 -0.085  0.061 0.231 0.200 0.315 10.103
  524     6142.0    56.1   nan    nan  1.363  0.083 -9999.000 -9999.000 0.206  0.026  0.104 -0.102  0.066 0.162 0.200 0.271 13.661
  525     6496.0    56.1   nan    nan  1.285  0.073 -9999.000 -9999.000 0.192  0.021  0.150 -0.099  0.062 0.192 0.200 0.287 12.166
  526     4086.0    57.1   nan    nan  0.270  0.088 -9999.000 -9999.000 0.124 -0.030  0.206 -0.048  0.042 0.218 0.100 0.255 15.335
  527     4122.0    57.1   nan    nan  0.214  0.101 -9999.000 -9999.000 0.133 -0.007  0.210 -0.015  0.044 0.215 0.100 0.258 15.068
  528     4334.0    57.1   nan    nan  0.289  0.075 -9999.000 -9999.000 0.134 -0.015  0.211 -0.017  0.035 0.215 0.100 0.249 16.150
  529     4430.0    57.1   nan    nan  0.281  0.043 -9999.000 -9999.000 0.136  0.036  0.198  0.001  0.069 0.213 0.100 0.239 17.485
  530     4921.0    57.1   nan    nan  0.387  0.062 -9999.000 -9999.000 0.160  0.020  0.182 -0.025  0.065 0.196 0.100 0.229 19.121
  531     4922.0    57.1   nan    nan  0.409  0.062 -9999.000 -9999.000 0.166  0.014  0.174 -0.028  0.066 0.189 0.100 0.223 20.165
  532     4078.0    66.1   nan    nan  0.808  0.094 -9999.000 -9999.000 0.162  0.000  0.235  0.010  0.052 0.241 0.100 0.277 13.015
  533     4102.0    66.1   nan    nan  0.781  0.177 -9999.000 -9999.000 0.135  0.000  0.248  0.054  0.054 0.260 0.100 0.330  9.193
  534     4129.0    63.1   nan    nan  0.007  0.051 -9999.000 -9999.000 0.135  0.001  0.231 -0.017  0.050 0.237 0.100 0.262 14.557
  535     4205.0    63.1   nan    nan  0.035  0.045 -9999.000 -9999.000 0.134  0.033  0.220  0.004  0.077 0.235 0.100 0.260 14.840
  536     4435.0    63.1   nan    nan -0.031  0.041 -9999.000 -9999.000 0.135  0.028  0.199 -0.010  0.059 0.209 0.100 0.236 18.021
  538     6645.0    63.1   nan    nan -0.114  0.095 -9999.000 -9999.000 0.184 -0.026  0.206 -0.002  0.049 0.214 0.100 0.254 15.455
  539     3877.0   607.0   nan    nan  6.792  0.013 -9999.000 -9999.000 0.158  0.168 -0.028  0.001  0.151 0.228 0.300 0.377  7.033
  484     6300.0     8.0   nan    nan  8.367    nan       nan       nan   nan    nan    nan    nan    nan   nan   nan   nan    nan
