index wavelength species expot  loggf logeps e_stat       eqw     e_eqw   fwhm e_Teff e_logg   e_vt   e_MH  e_sp e_sys e_tot weight
----- ---------- ------- ----- ------ ------ ------ --------- --------- ------ ------ ------ ------ ------ ----- ----- ----- ------
   29   3900.539    22.1 1.130  -0.29  1.900  0.360    58.770     9.664  0.154  0.067  0.175 -0.094  0.000 0.210 0.100 0.428  5.448
   33    3906.48    26.0 0.110  -2.21  4.996  0.237    87.167     9.751  0.168  0.276 -0.233 -0.117  0.003 0.380 0.100 0.459  4.754
   34   3917.181    26.0 0.989  -2.15  4.112  0.169    34.211     6.076 -0.059  0.203 -0.010 -0.027  0.009 0.205 0.100 0.284 12.394
   45   3977.741    26.0 2.196  -1.12  4.176  0.120    25.128     4.381  0.069  0.160 -0.001 -0.018  0.006 0.161 0.100 0.224 19.856
   50   3998.636    22.0 0.048   0.02  2.402  0.152    44.109     5.298  0.149  0.197 -0.030 -0.043  0.007 0.204 0.100 0.273 13.385
   54   4012.384    22.1 0.573  -1.78  1.901  0.147    29.988     5.747  0.113  0.097  0.207 -0.019  0.004 0.229 0.100 0.290 11.870
   80   4143.415    26.0 3.047  -0.21  4.447  0.122    34.894     4.538  0.142  0.134 -0.014 -0.030  0.005 0.138 0.100 0.210 22.747
   82   4147.669    26.0 1.484  -2.07  4.302  0.112    24.757     4.139  0.081  0.186 -0.006 -0.015  0.008 0.187 0.100 0.240 17.402
   85     4153.9    26.0 3.397  -0.28  4.409  0.133    17.812     4.310  0.102  0.125 -0.002 -0.009  0.005 0.125 0.100 0.208 23.028
   91   4174.913    26.0 0.914  -2.94  4.623  0.115    28.093     4.255  0.123  0.205 -0.007 -0.017  0.008 0.206 0.100 0.256 15.232
   94   4187.039    26.0 2.450  -0.56  4.846  0.163    61.180     5.769  0.181  0.174 -0.132 -0.074  0.007 0.231 0.100 0.300 11.136
   95   4199.095    26.0 3.045   0.17  4.841  0.149    60.253     4.351  0.146  0.138 -0.079 -0.094  0.006 0.185 0.100 0.258 15.070
   97   4216.184    26.0 0.000  -3.36  4.783  0.146    54.725     4.043  0.139  0.234 -0.047 -0.088  0.008 0.255 0.100 0.310 10.407
   98   4233.163    26.1 2.583  -2.02  4.240  0.096    28.153     3.587  0.114  0.031  0.216 -0.018  0.001 0.219 0.100 0.259 14.890
   99   4233.603    26.0 2.482   -0.6  4.498  0.144    46.688     5.127  0.163  0.161 -0.060 -0.046  0.007 0.178 0.100 0.250 16.020
  100   4250.787    26.0 1.556  -0.71  4.698  0.148    80.486     5.608  0.121  0.216 -0.186 -0.107  0.005 0.305 0.100 0.353  8.024
  101   4282.403    26.0 2.174  -0.78  4.150  0.129    38.938     4.583  0.114  0.163 -0.012 -0.037  0.007 0.168 0.100 0.234 18.257
  102   4283.011    20.0 1.886 -0.224  3.799  0.104    35.200     4.431  0.140  0.114 -0.020 -0.020  0.004 0.118 0.100 0.186 28.878
  104   4290.215    22.1 1.164  -0.87  2.010  0.108    45.191     3.928  0.118  0.075  0.195 -0.045  0.003 0.214 0.100 0.260 14.848
  105   4291.463    26.0 0.052  -4.08  4.741  0.108    26.826     4.107  0.128  0.236 -0.010 -0.015  0.010 0.237 0.100 0.279 12.856
  107   4300.042    22.1 1.179  -0.46  2.492  0.158    72.318     4.435  0.153  0.079  0.135 -0.118 -0.004 0.196 0.100 0.271 13.629
  108   4301.923    22.1 1.160  -1.21  2.114  0.106    36.313     4.283  0.118  0.078  0.204 -0.027  0.003 0.220 0.100 0.264 14.352
  112   4318.652    20.0 1.899  -0.21  3.378  0.085    19.104     2.926 -0.080  0.114 -0.005 -0.007  0.004 0.114 0.100 0.174 32.990
  125    4375.93    26.0 0.000   -3.0  5.160  0.179    76.083     5.332  0.159  0.255 -0.148 -0.135  0.000 0.324 0.100 0.384  6.794
  129   4395.031    22.1 1.083  -0.54  2.593  0.160    76.749     4.620  0.173  0.087  0.119 -0.124 -0.008 0.193 0.100 0.270 13.742
  131   4399.765    22.1 1.236   -1.2  2.073  0.079    32.123     3.117  0.137  0.077  0.206 -0.018  0.003 0.221 0.100 0.255 15.399
  138   4415.123    26.0 1.607  -0.62  4.794  0.117    87.523     5.098  0.144  0.224 -0.207 -0.095  0.005 0.319 0.100 0.355  7.951
  143   4425.437    20.0 1.879 -0.358  3.794  0.117    30.473     5.029  0.180  0.118 -0.022 -0.013  0.005 0.121 0.100 0.196 26.115
  145    4427.31    26.0 0.052  -2.92  4.576  0.163    60.663     4.403  0.145  0.231 -0.057 -0.106  0.006 0.261 0.100 0.323  9.574
  149   4435.679    20.0 1.886 -0.519  3.880  0.095    27.117     3.900  0.130  0.118 -0.018 -0.011  0.005 0.120 0.100 0.183 29.922
  152   4443.801    22.1 1.079  -0.71  2.606  0.158    72.812     4.530  0.138  0.083  0.138 -0.117 -0.005 0.199 0.100 0.273 13.403
  153   4444.554    22.1 1.115   -2.2  2.424  0.102    14.343     2.923  0.113  0.081  0.208 -0.006  0.003 0.223 0.100 0.265 14.230
  154   4447.717    26.0 2.221  -1.36  4.713  0.093    37.722     3.621  0.173  0.165 -0.021 -0.029  0.007 0.169 0.100 0.217 21.184
  156   4450.482    22.1 1.083  -1.52  2.378  0.101    38.743     4.051  0.164  0.081  0.203 -0.028  0.004 0.220 0.100 0.262 14.541
  160   4454.779    20.0 1.899  0.258  3.327  0.069    36.008     3.036  0.129  0.118 -0.032 -0.018  0.005 0.124 0.100 0.173 33.268
  162   4455.887    20.0 1.899 -0.518  3.847  0.086    25.343     3.422  0.149  0.117 -0.016 -0.010  0.005 0.119 0.100 0.177 31.779
  164   4459.117    26.0 2.174  -1.29  4.372  0.092    29.141     3.601  0.122  0.165 -0.011 -0.019  0.006 0.167 0.100 0.215 21.641
  165   4461.653    26.0 0.087  -3.19  5.081  0.128    66.548     3.545  0.120  0.239 -0.094 -0.119  0.003 0.283 0.100 0.326  9.389
  167   4468.493    22.1 1.130  -0.63  1.911  0.106    52.606     3.550  0.134  0.076  0.189 -0.060  0.002 0.212 0.100 0.258 15.074
  175   4489.739    26.0 0.121   -3.9  4.481  0.100    21.967     3.577  0.106  0.234 -0.009 -0.011  0.009 0.235 0.100 0.274 13.326
  178   4494.563    26.0 2.196  -1.14  4.445  0.126    37.083     4.916  0.159  0.165 -0.020 -0.029  0.007 0.169 0.100 0.233 18.385
  180    4501.27    22.1 1.115  -0.77  2.669  0.119    72.132     3.434  0.136  0.081  0.141 -0.113 -0.005 0.198 0.100 0.252 15.773
  181   4508.281    26.1 2.856  -2.42  4.581  0.110    16.686     3.390  0.136  0.024  0.219 -0.009  0.001 0.220 0.100 0.266 14.140
  183   4515.334    26.1 2.844   -2.6  4.899  0.080    21.438     2.805  0.100  0.024  0.217 -0.013  0.001 0.219 0.100 0.253 15.568
  189   4528.614    26.0 2.174  -0.89  4.441  0.092    47.550     3.325  0.121  0.167 -0.041 -0.049  0.006 0.179 0.100 0.225 19.813
  191   4531.148    26.0 1.484   -2.1  4.133  0.097    19.253     3.258  0.107  0.187 -0.006 -0.012  0.007 0.188 0.100 0.234 18.312
  192   4533.239    22.0 0.848   0.54  2.116  0.117    21.240     4.278  0.143  0.175 -0.014 -0.010  0.006 0.176 0.100 0.234 18.299
  203   4571.971    22.1 1.571  -0.31  2.121  0.124    54.181     4.120  0.120  0.063  0.187 -0.062  0.002 0.207 0.100 0.261 14.671
  208   4583.829    26.1 2.807  -1.94  4.581  0.099    35.935     3.818  0.165  0.023  0.210 -0.028  0.001 0.213 0.100 0.255 15.334
  212   4592.651    26.0 1.556  -2.46  4.494  0.113    16.968     3.532  0.097  0.186 -0.006 -0.009  0.007 0.186 0.100 0.240 17.382
  227   4629.332    26.1 2.807  -2.26  4.169  0.098    11.771     2.361  0.079  0.026  0.218 -0.006  0.001 0.220 0.100 0.260 14.740
  242   4702.991    12.0 4.346  -0.44  4.980  0.068    41.886     3.854  0.183  0.091 -0.045 -0.008  0.005 0.102 0.100 0.158 39.968
  271   4871.318    26.0 2.865  -0.34  4.185  0.088    30.343     3.506  0.139  0.146 -0.022 -0.018  0.006 0.149 0.100 0.200 25.060
  276   4890.755    26.0 2.876  -0.38  4.448  0.082    38.884     3.330  0.158  0.148 -0.040 -0.029  0.006 0.156 0.100 0.203 24.327
  283   4923.922    26.1 2.891  -1.26  4.182  0.114    44.127     4.211  0.143  0.021  0.201 -0.042  0.002 0.206 0.100 0.256 15.242
  319   5051.635    26.0 0.914  -2.76  4.651  0.252    39.568     9.311  0.181  0.210 -0.021 -0.034  0.008 0.214 0.100 0.345  8.385
  333    5123.72    26.0 1.010  -3.06  4.553  0.130    20.549     4.535  0.100  0.206 -0.010 -0.011  0.008 0.207 0.100 0.264 14.363
  338   5142.928    26.0 0.957  -3.07  4.541  0.145    21.882     5.298 -0.134  0.209 -0.008 -0.011  0.009 0.210 0.100 0.274 13.338
  343   5171.596    26.0 1.484  -1.72  4.339  0.187    43.073     6.775  0.171  0.190 -0.030 -0.042  0.008 0.197 0.100 0.289 11.933
  344   5172.684    12.0 2.712 -0.393  4.978  0.377   146.979    47.193 -0.203  0.210 -0.296 -0.027  0.008 0.364 0.100 0.534  3.513
  346   5183.604    12.0 2.717 -0.167  5.081  0.420   186.230    83.603 -0.129  0.222 -0.327 -0.016  0.008 0.396 0.100 0.586  2.916
  349   5194.942    26.0 1.556  -2.02  4.578  0.241    37.725     9.089  0.263  0.190 -0.021 -0.030  0.008 0.194 0.100 0.325  9.471
  352   5206.023    24.0 0.941   0.02  2.230  0.125    34.585     4.985  0.183  0.175 -0.025 -0.023  0.008 0.178 0.100 0.240 17.401
  360    5227.19    26.0 1.556  -1.23  5.192  0.170    85.546     6.910  0.188  0.233 -0.207 -0.106  0.002 0.329 0.100 0.384  6.790
  372   5269.537    26.0 0.858  -1.33  5.095  0.101   112.046     6.690  0.189  0.286 -0.288 -0.075 -0.001 0.413 0.100 0.437  5.247
  374   5275.997    26.1 3.199  -2.01  4.879  0.178    29.779     7.195  0.284  0.013  0.210 -0.018  0.001 0.211 0.100 0.294 11.590
  375   5283.621    26.0 3.239  -0.45  4.569  0.135    25.807     5.277  0.191  0.135 -0.020 -0.014  0.005 0.137 0.100 0.217 21.244
  384   5328.039    26.0 0.914  -1.47  4.746  0.169    86.550     6.670  0.200  0.252 -0.196 -0.112  0.000 0.338 0.100 0.391  6.535
  385   5328.532    26.0 1.556  -1.85  5.012  0.227    59.472     7.193  0.206  0.196 -0.076 -0.082  0.007 0.226 0.100 0.335  8.889
  389   5341.024    26.0 1.607  -1.95  4.619  0.160    40.218     6.016  0.214  0.189 -0.025 -0.035  0.008 0.194 0.100 0.271 13.654
  393   5371.489    26.0 0.957  -1.64  4.915  0.176    85.001     6.797  0.188  0.248 -0.190 -0.114 -0.002 0.333 0.100 0.389  6.597
  397   5397.128    26.0 0.914  -1.98  4.899  0.177    74.691     5.831  0.187  0.232 -0.135 -0.114  0.001 0.292 0.100 0.355  7.913
  398   5405.775    26.0 0.989  -1.85  5.037  0.149    80.846     5.290  0.175  0.240 -0.168 -0.115  0.000 0.315 0.100 0.362  7.619
  402   5429.696    26.0 0.957  -1.88  4.795  0.150    73.189     4.853  0.157  0.230 -0.128 -0.111  0.003 0.286 0.100 0.338  8.763
  403   5434.524    26.0 1.010  -2.13  4.387  0.145    50.183     4.879  0.118  0.208 -0.041 -0.058  0.008 0.220 0.100 0.282 12.595
  405   5476.904    28.0 1.825  -0.78  3.073  0.137    27.610     5.291  0.191  0.169 -0.002 -0.019  0.007 0.170 0.100 0.240 17.318
  407   5497.516    26.0 1.010  -2.83  4.857  0.131    41.904     4.915  0.190  0.208 -0.027 -0.038  0.008 0.213 0.100 0.270 13.762
  409   5506.779    26.0 0.989  -2.79  4.404  0.151    26.678     5.812  0.172  0.208 -0.012 -0.014  0.009 0.209 0.100 0.277 13.074
  410   5528.405    12.0 4.346 -0.498  4.943  0.104    37.035     5.598  0.178  0.089 -0.031 -0.009  0.004 0.095 0.100 0.173 33.562
  415   5586.756    26.0 3.366  -0.11  4.516  0.112    32.126     4.595  0.203  0.133 -0.033 -0.020  0.006 0.139 0.100 0.204 23.947
  417   5588.749    20.0 2.524   0.21  3.965  0.085    33.649     3.606  0.158  0.100 -0.022 -0.018  0.005 0.104 0.100 0.168 35.639
  419   5594.462    20.0 2.523  0.097  3.875  0.115    25.511     4.558  0.247  0.099 -0.014 -0.010  0.005 0.101 0.100 0.183 29.987
  422   5615.644    26.0 3.332   0.04  4.582  0.094    42.634     3.852  0.213  0.139 -0.058 -0.033  0.007 0.154 0.100 0.207 23.441
  442   5889.951    11.0 0.000  0.108  3.579  0.085   116.158     4.909  0.246  0.188 -0.208 -0.049  0.005 0.285 0.100 0.313 10.177
  444   5895.924    11.0 0.000 -0.194  3.397  0.101    91.774     4.736  0.223  0.162 -0.124 -0.049  0.006 0.210 0.100 0.253 15.562
  448   6122.217    20.0 1.886 -0.316  3.528  0.082    24.280     3.242  0.224  0.122 -0.026 -0.009  0.006 0.125 0.100 0.180 30.862
  466   6430.846    26.0 2.174  -1.95  4.670  0.118    20.109     4.118  0.281  0.171 -0.011 -0.010  0.007 0.172 0.100 0.231 18.714
  468   6439.075    20.0 2.524   0.47  3.529  0.074    27.483     3.006  0.211  0.100 -0.021 -0.014  0.004 0.103 0.100 0.162 38.270
  488     4415.0    21.1   nan    nan  0.169  0.123 -9999.000 -9999.000  0.115  0.092  0.171 -0.005  0.004 0.194 0.200 0.305 10.780
  489     4399.0    21.1   nan    nan  0.123  0.236 -9999.000 -9999.000  0.129  0.063  0.190 -0.006  0.000 0.200 0.200 0.368  7.371
  495     4310.0   106.0   nan    nan  5.718  0.022 -9999.000 -9999.000  0.135  0.351 -0.198  0.001  0.021 0.403 0.100 0.416  5.780
  496     4323.0   106.0   nan    nan  5.774  0.124 -9999.000 -9999.000  0.141  0.312 -0.192  0.008  0.008 0.366 0.100 0.399  6.271
  497     4246.0    21.1   nan    nan  0.127  0.267 -9999.000 -9999.000  0.109  0.007  0.234 -0.076 -0.024 0.247 0.200 0.415  5.806
  498     4313.0    21.1   nan    nan  0.268  0.190 -9999.000 -9999.000  0.137 -0.037  0.332 -0.051 -0.029 0.339 0.200 0.438  5.222
  499     4324.0    21.1   nan    nan -0.099  0.124 -9999.000 -9999.000  0.135  0.056  0.243 -0.009  0.001 0.250 0.200 0.343  8.497
  501     4032.0    25.0   nan    nan  1.562  0.180 -9999.000 -9999.000  0.139  0.205 -0.002 -0.007 -0.007 0.206 0.200 0.338  8.731
  502     3962.0    13.0   nan    nan  2.800  0.371 -9999.000 -9999.000  0.165  0.198 -0.092 -0.057  0.008 0.226 0.300 0.528  3.588
  504     3906.0    14.0   nan    nan  5.132  0.248 -9999.000 -9999.000  0.599  0.299 -0.273 -0.014  0.005 0.405 0.100 0.486  4.240
  512     4119.0    27.0   nan    nan  1.885  0.136 -9999.000 -9999.000  0.113  0.185 -0.004 -0.004 -0.003 0.185 0.100 0.251 15.912
  513     4121.0    27.0   nan    nan  1.884  0.249 -9999.000 -9999.000  0.109  0.184 -0.007 -0.007 -0.003 0.185 0.100 0.326  9.429
  515     4078.0    38.1   nan    nan  0.280  0.196 -9999.000 -9999.000  0.144  0.198  0.010 -0.065  0.000 0.209 0.100 0.304 10.855
  516     4215.0    38.1   nan    nan  0.093  0.361 -9999.000 -9999.000  0.142  0.025  0.025 -0.134 -0.119 0.182 0.100 0.417  5.757
  521     4554.0    56.1   nan    nan -0.465  0.289 -9999.000 -9999.000  0.148  0.141  0.137 -0.054 -0.012 0.204 0.200 0.407  6.049
  524     6142.0    56.1   nan    nan -0.541  0.172 -9999.000 -9999.000  0.195  0.084  0.144 -0.073 -0.009 0.182 0.200 0.321  9.733
  525     6496.0    56.1   nan    nan -0.355  0.174 -9999.000 -9999.000  0.280  0.114  0.147 -0.068 -0.003 0.198 0.200 0.331  9.124
  484     6300.0     8.0   nan    nan  8.855    nan       nan       nan    nan    nan    nan    nan    nan   nan   nan   nan    nan
  506     4379.0    23.0   nan    nan  1.766    nan       nan       nan    nan    nan    nan    nan    nan   nan   nan   nan    nan
  526     4086.0    57.1   nan    nan  1.153    nan       nan       nan    nan    nan    nan    nan    nan   nan   nan   nan    nan
  534     4129.0    63.1   nan    nan -1.234    nan       nan       nan    nan    nan    nan    nan    nan   nan   nan   nan    nan
  539     3877.0   607.0   nan    nan  6.283    nan       nan       nan    nan    nan    nan    nan    nan   nan   nan   nan    nan
